TABLE NO.  2
 CWRES       IPRED       DV          PRED        RES         WRES
  2.0281E-01  0.0000E+00  2.5706E-01  0.0000E+00  2.5706E-01  2.0281E-01
  5.5856E-01  0.0000E+00  7.0798E-01  0.0000E+00  7.0798E-01  5.5856E-01
  4.6209E-01  0.0000E+00  5.8570E-01  0.0000E+00  5.8570E-01  4.6209E-01
  5.1267E-01  0.0000E+00  6.4982E-01  0.0000E+00  6.4982E-01  5.1267E-01
  1.4616E-01  0.0000E+00  1.8526E-01  0.0000E+00  1.8526E-01  1.4616E-01
  6.8440E-02  0.0000E+00  8.6748E-02  0.0000E+00  8.6748E-02  6.8440E-02
  1.4207E-01  0.0000E+00  1.8008E-01  0.0000E+00  1.8008E-01  1.4207E-01
  1.5683E-01  0.0000E+00  1.9879E-01  0.0000E+00  1.9879E-01  1.5683E-01
  1.5280E-01  0.0000E+00  1.9367E-01  0.0000E+00  1.9367E-01  1.5280E-01
  1.6738E-01  0.0000E+00  2.1215E-01  0.0000E+00  2.1215E-01  1.6738E-01
  6.0538E-02  0.0000E+00  7.6733E-02  0.0000E+00  7.6733E-02  6.0538E-02
  1.3895E-01  0.0000E+00  1.7612E-01  0.0000E+00  1.7612E-01  1.3895E-01
  2.1980E-01  0.0000E+00  2.7860E-01  0.0000E+00  2.7860E-01  2.1980E-01
  1.5042E-01  0.0000E+00  1.9066E-01  0.0000E+00  1.9066E-01  1.5042E-01
  1.4611E-01  0.0000E+00  1.8520E-01  0.0000E+00  1.8520E-01  1.4611E-01
  4.3487E-02  0.0000E+00  5.5120E-02  0.0000E+00  5.5120E-02  4.3487E-02
  1.0931E-01  0.0000E+00  1.3855E-01  0.0000E+00  1.3855E-01  1.0931E-01
  1.2839E-01  0.0000E+00  1.6273E-01  0.0000E+00  1.6273E-01  1.2839E-01
  2.0442E-01  0.0000E+00  2.5910E-01  0.0000E+00  2.5910E-01  2.0442E-01
  5.0989E-02  0.0000E+00  6.4629E-02  0.0000E+00  6.4629E-02  5.0989E-02
  4.4881E-02  0.0000E+00  5.6887E-02  0.0000E+00  5.6887E-02  4.4881E-02
  8.7297E-02  0.0000E+00  1.1065E-01  0.0000E+00  1.1065E-01  8.7297E-02
  2.8348E-01  0.0000E+00  3.5931E-01  0.0000E+00  3.5931E-01  2.8348E-01
  1.5786E-01  0.0000E+00  2.0009E-01  0.0000E+00  2.0009E-01  1.5786E-01
  9.9739E-02  0.0000E+00  1.2642E-01  0.0000E+00  1.2642E-01  9.9739E-02
  5.8001E-02  0.0000E+00  7.3517E-02  0.0000E+00  7.3517E-02  5.8001E-02
  4.9666E-02  0.0000E+00  6.2952E-02  0.0000E+00  6.2952E-02  4.9666E-02
  5.3675E-02  0.0000E+00  6.8034E-02  0.0000E+00  6.8034E-02  5.3675E-02
  1.3093E-01  0.0000E+00  1.6596E-01  0.0000E+00  1.6596E-01  1.3093E-01
  1.6298E-01  0.0000E+00  2.0658E-01  0.0000E+00  2.0658E-01  1.6298E-01
  2.4823E-01  0.0000E+00  3.1463E-01  0.0000E+00  3.1463E-01  2.4823E-01
  4.4063E-02  0.0000E+00  5.5850E-02  0.0000E+00  5.5850E-02  4.4063E-02
  1.5156E-01  0.0000E+00  1.9210E-01  0.0000E+00  1.9210E-01  1.5156E-01
  1.8197E-01  0.0000E+00  2.3065E-01  0.0000E+00  2.3065E-01  1.8197E-01
  1.4070E-01  0.0000E+00  1.7834E-01  0.0000E+00  1.7834E-01  1.4070E-01
  6.3600E-02  0.0000E+00  8.0614E-02  0.0000E+00  8.0614E-02  6.3600E-02
  1.0450E-01  0.0000E+00  1.3245E-01  0.0000E+00  1.3245E-01  1.0450E-01
  7.9092E-02  0.0000E+00  1.0025E-01  0.0000E+00  1.0025E-01  7.9092E-02
  2.4816E-01  0.0000E+00  3.1455E-01  0.0000E+00  3.1455E-01  2.4816E-01
  1.8597E-01  0.0000E+00  2.3572E-01  0.0000E+00  2.3572E-01  1.8597E-01
  2.0470E-01  0.0000E+00  2.5946E-01  0.0000E+00  2.5946E-01  2.0470E-01
  1.0489E-01  0.0000E+00  1.3295E-01  0.0000E+00  1.3295E-01  1.0489E-01
  9.9376E-02  0.0000E+00  1.2596E-01  0.0000E+00  1.2596E-01  9.9376E-02
  5.6635E-02  0.0000E+00  7.1785E-02  0.0000E+00  7.1785E-02  5.6635E-02
  4.1106E-02  0.0000E+00  5.2102E-02  0.0000E+00  5.2102E-02  4.1106E-02
  9.4800E-02  0.0000E+00  1.2016E-01  0.0000E+00  1.2016E-01  9.4800E-02
  2.9115E-01  0.0000E+00  3.6903E-01  0.0000E+00  3.6903E-01  2.9115E-01
  3.0666E-01  0.0000E+00  3.8870E-01  0.0000E+00  3.8870E-01  3.0666E-01
  1.5210E-01  0.0000E+00  1.9279E-01  0.0000E+00  1.9279E-01  1.5210E-01
  1.5082E-01  0.0000E+00  1.9117E-01  0.0000E+00  1.9117E-01  1.5082E-01
  6.8831E-02  0.0000E+00  8.7244E-02  0.0000E+00  8.7244E-02  6.8831E-02
  9.5123E-02  0.0000E+00  1.2057E-01  0.0000E+00  1.2057E-01  9.5123E-02
  1.6416E-01  0.0000E+00  2.0807E-01  0.0000E+00  2.0807E-01  1.6416E-01
  9.1936E-02  0.0000E+00  1.1653E-01  0.0000E+00  1.1653E-01  9.1936E-02
  7.7307E-02  0.0000E+00  9.7987E-02  0.0000E+00  9.7987E-02  7.7307E-02
  5.4037E-02  0.0000E+00  6.8493E-02  0.0000E+00  6.8493E-02  5.4037E-02
  2.3236E-01  0.0000E+00  2.9452E-01  0.0000E+00  2.9452E-01  2.3236E-01
  3.0733E-01  0.0000E+00  3.8954E-01  0.0000E+00  3.8954E-01  3.0733E-01
  1.4824E-01  0.0000E+00  1.8790E-01  0.0000E+00  1.8790E-01  1.4824E-01
  1.0392E-01  0.0000E+00  1.3172E-01  0.0000E+00  1.3172E-01  1.0392E-01
  1.4232E-01  0.0000E+00  1.8039E-01  0.0000E+00  1.8039E-01  1.4232E-01
  3.5932E-01  0.0000E+00  4.5544E-01  0.0000E+00  4.5544E-01  3.5932E-01
  4.1925E-01  0.0000E+00  5.3140E-01  0.0000E+00  5.3140E-01  4.1925E-01
  2.4612E-01  0.0000E+00  3.1196E-01  0.0000E+00  3.1196E-01  2.4612E-01
  1.1136E-01  0.0000E+00  1.4115E-01  0.0000E+00  1.4115E-01  1.1136E-01
  1.1976E-01  0.0000E+00  1.5180E-01  0.0000E+00  1.5180E-01  1.1976E-01
  1.3010E-01  0.0000E+00  1.6490E-01  0.0000E+00  1.6490E-01  1.3010E-01
  1.4117E-01  0.0000E+00  1.7894E-01  0.0000E+00  1.7894E-01  1.4117E-01
  8.6666E-02  0.0000E+00  1.0985E-01  0.0000E+00  1.0985E-01  8.6666E-02
  8.5459E-02  0.0000E+00  1.0832E-01  0.0000E+00  1.0832E-01  8.5459E-02
  7.2722E-02  0.0000E+00  9.2176E-02  0.0000E+00  9.2176E-02  7.2722E-02
  4.3695E-02  0.0000E+00  5.5384E-02  0.0000E+00  5.5384E-02  4.3695E-02
  1.2653E-01  0.0000E+00  1.6038E-01  0.0000E+00  1.6038E-01  1.2653E-01
  1.6999E-01  0.0000E+00  2.1547E-01  0.0000E+00  2.1547E-01  1.6999E-01
  1.3680E-01  0.0000E+00  1.7339E-01  0.0000E+00  1.7339E-01  1.3680E-01
  1.2715E-01  0.0000E+00  1.6116E-01  0.0000E+00  1.6116E-01  1.2715E-01
  6.3461E-02  0.0000E+00  8.0437E-02  0.0000E+00  8.0437E-02  6.3461E-02
  1.6998E-01  0.0000E+00  2.1545E-01  0.0000E+00  2.1545E-01  1.6998E-01
  1.7227E-01  0.0000E+00  2.1836E-01  0.0000E+00  2.1836E-01  1.7227E-01
  4.4343E-01  0.0000E+00  5.6205E-01  0.0000E+00  5.6205E-01  4.4343E-01
  3.8918E-01  0.0000E+00  4.9329E-01  0.0000E+00  4.9329E-01  3.8918E-01
  8.3707E-02  0.0000E+00  1.0610E-01  0.0000E+00  1.0610E-01  8.3707E-02
  1.2824E-01  0.0000E+00  1.6255E-01  0.0000E+00  1.6255E-01  1.2824E-01
  1.1355E-01  0.0000E+00  1.4393E-01  0.0000E+00  1.4393E-01  1.1355E-01
  1.3347E-01  0.0000E+00  1.6918E-01  0.0000E+00  1.6918E-01  1.3347E-01
  6.7145E-02  0.0000E+00  8.5107E-02  0.0000E+00  8.5107E-02  6.7145E-02
  1.7709E-01  0.0000E+00  2.2446E-01  0.0000E+00  2.2446E-01  1.7709E-01
  1.8802E-01  0.0000E+00  2.3832E-01  0.0000E+00  2.3832E-01  1.8802E-01
  2.1896E-01  0.0000E+00  2.7753E-01  0.0000E+00  2.7753E-01  2.1896E-01
  3.9600E-02  0.0000E+00  5.0193E-02  0.0000E+00  5.0193E-02  3.9600E-02
  1.8076E-01  0.0000E+00  2.2912E-01  0.0000E+00  2.2912E-01  1.8076E-01
  1.5333E-01  0.0000E+00  1.9435E-01  0.0000E+00  1.9435E-01  1.5333E-01
  6.8680E-02  0.0000E+00  8.7053E-02  0.0000E+00  8.7053E-02  6.8680E-02
  1.3609E-01  0.0000E+00  1.7250E-01  0.0000E+00  1.7250E-01  1.3609E-01
  6.1841E-02  0.0000E+00  7.8384E-02  0.0000E+00  7.8384E-02  6.1841E-02
  1.6029E-01  0.0000E+00  2.0317E-01  0.0000E+00  2.0317E-01  1.6029E-01
  1.0027E-01  0.0000E+00  1.2709E-01  0.0000E+00  1.2709E-01  1.0027E-01
  1.5481E-01  0.0000E+00  1.9622E-01  0.0000E+00  1.9622E-01  1.5481E-01
  1.3541E-01  0.0000E+00  1.7164E-01  0.0000E+00  1.7164E-01  1.3541E-01
  1.1478E-01  0.0000E+00  1.4549E-01  0.0000E+00  1.4549E-01  1.1478E-01
  5.3380E-02  0.0000E+00  6.7660E-02  0.0000E+00  6.7660E-02  5.3380E-02
  1.5139E-01  0.0000E+00  1.9189E-01  0.0000E+00  1.9189E-01  1.5139E-01
  2.1943E-01  0.0000E+00  2.7813E-01  0.0000E+00  2.7813E-01  2.1943E-01
  1.9185E-01  0.0000E+00  2.4317E-01  0.0000E+00  2.4317E-01  1.9185E-01
  1.8786E-01  0.0000E+00  2.3811E-01  0.0000E+00  2.3811E-01  1.8786E-01
  9.1431E-02  0.0000E+00  1.1589E-01  0.0000E+00  1.1589E-01  9.1431E-02
  9.2488E-02  0.0000E+00  1.1723E-01  0.0000E+00  1.1723E-01  9.2488E-02
  4.2282E-01  0.0000E+00  5.3593E-01  0.0000E+00  5.3593E-01  4.2282E-01
  3.9230E-01  0.0000E+00  4.9724E-01  0.0000E+00  4.9724E-01  3.9230E-01
  2.5323E-01  0.0000E+00  3.2097E-01  0.0000E+00  3.2097E-01  2.5323E-01
  1.0253E-01  0.0000E+00  1.2996E-01  0.0000E+00  1.2996E-01  1.0253E-01
  1.3418E-01  0.0000E+00  1.7008E-01  0.0000E+00  1.7008E-01  1.3418E-01
  2.8746E-01  0.0000E+00  3.6436E-01  0.0000E+00  3.6436E-01  2.8746E-01
  3.2742E-01  0.0000E+00  4.1501E-01  0.0000E+00  4.1501E-01  3.2742E-01
  2.4808E-01  0.0000E+00  3.1444E-01  0.0000E+00  3.1444E-01  2.4808E-01
  1.1037E-01  0.0000E+00  1.3989E-01  0.0000E+00  1.3989E-01  1.1037E-01
  5.1593E-02  0.0000E+00  6.5395E-02  0.0000E+00  6.5395E-02  5.1593E-02
  1.1923E-01  0.0000E+00  1.5112E-01  0.0000E+00  1.5112E-01  1.1923E-01
  3.3339E-01  0.0000E+00  4.2257E-01  0.0000E+00  4.2257E-01  3.3339E-01
  3.1317E-01  0.0000E+00  3.9695E-01  0.0000E+00  3.9695E-01  3.1317E-01
  2.2021E-01  0.0000E+00  2.7912E-01  0.0000E+00  2.7912E-01  2.2021E-01
  1.8285E-01  0.0000E+00  2.3177E-01  0.0000E+00  2.3177E-01  1.8285E-01
  1.2890E-01  0.0000E+00  1.6338E-01  0.0000E+00  1.6338E-01  1.2890E-01
  9.2457E-02  0.0000E+00  1.1719E-01  0.0000E+00  1.1719E-01  9.2457E-02
  2.9175E-01  0.0000E+00  3.6980E-01  0.0000E+00  3.6980E-01  2.9175E-01
  1.3799E-01  0.0000E+00  1.7491E-01  0.0000E+00  1.7491E-01  1.3799E-01
  4.2548E-02  0.0000E+00  5.3930E-02  0.0000E+00  5.3930E-02  4.2548E-02
  1.8513E-01  0.0000E+00  2.3465E-01  0.0000E+00  2.3465E-01  1.8513E-01
  2.4879E-01  0.0000E+00  3.1535E-01  0.0000E+00  3.1535E-01  2.4879E-01
  1.4998E-01  0.0000E+00  1.9010E-01  0.0000E+00  1.9010E-01  1.4998E-01
  5.7773E-02  0.0000E+00  7.3228E-02  0.0000E+00  7.3228E-02  5.7773E-02
  1.0113E-01  0.0000E+00  1.2818E-01  0.0000E+00  1.2818E-01  1.0113E-01
  1.5695E-01  0.0000E+00  1.9893E-01  0.0000E+00  1.9893E-01  1.5695E-01
  1.4805E-01  0.0000E+00  1.8766E-01  0.0000E+00  1.8766E-01  1.4805E-01
  5.4530E-02  0.0000E+00  6.9117E-02  0.0000E+00  6.9117E-02  5.4530E-02
  6.6008E-02  0.0000E+00  8.3666E-02  0.0000E+00  8.3666E-02  6.6008E-02
  1.2211E-01  0.0000E+00  1.5478E-01  0.0000E+00  1.5478E-01  1.2211E-01
  5.0101E-02  0.0000E+00  6.3504E-02  0.0000E+00  6.3504E-02  5.0101E-02
  6.7650E-02  0.0000E+00  8.5747E-02  0.0000E+00  8.5747E-02  6.7650E-02
  4.1422E-02  0.0000E+00  5.2503E-02  0.0000E+00  5.2503E-02  4.1422E-02
  9.2204E-02  0.0000E+00  1.1687E-01  0.0000E+00  1.1687E-01  9.2204E-02
  1.5303E-01  0.0000E+00  1.9397E-01  0.0000E+00  1.9397E-01  1.5303E-01
  1.5373E-01  0.0000E+00  1.9485E-01  0.0000E+00  1.9485E-01  1.5373E-01
  3.9674E-02  0.0000E+00  5.0287E-02  0.0000E+00  5.0287E-02  3.9674E-02
  7.9329E-02  0.0000E+00  1.0055E-01  0.0000E+00  1.0055E-01  7.9329E-02
  1.6549E-01  0.0000E+00  2.0976E-01  0.0000E+00  2.0976E-01  1.6549E-01
  2.6560E-01  0.0000E+00  3.3665E-01  0.0000E+00  3.3665E-01  2.6560E-01
  9.1187E-02  0.0000E+00  1.1558E-01  0.0000E+00  1.1558E-01  9.1187E-02
  9.6630E-02  0.0000E+00  1.2248E-01  0.0000E+00  1.2248E-01  9.6630E-02
  4.4628E-02  0.0000E+00  5.6566E-02  0.0000E+00  5.6566E-02  4.4628E-02
  5.7397E-02  0.0000E+00  7.2752E-02  0.0000E+00  7.2752E-02  5.7397E-02
  1.4257E-01  0.0000E+00  1.8071E-01  0.0000E+00  1.8071E-01  1.4257E-01
  6.7939E-02  0.0000E+00  8.6114E-02  0.0000E+00  8.6114E-02  6.7939E-02
  5.2622E-02  0.0000E+00  6.6699E-02  0.0000E+00  6.6699E-02  5.2622E-02
  1.0867E-01  0.0000E+00  1.3774E-01  0.0000E+00  1.3774E-01  1.0867E-01
  5.6077E-02  0.0000E+00  7.1078E-02  0.0000E+00  7.1078E-02  5.6077E-02
  5.5079E-01  0.0000E+00  6.9813E-01  0.0000E+00  6.9813E-01  5.5079E-01
  9.9084E-01  0.0000E+00  1.2559E+00  0.0000E+00  1.2559E+00  9.9084E-01
  9.3474E-01  0.0000E+00  1.1848E+00  0.0000E+00  1.1848E+00  9.3474E-01
  3.4479E-01  0.0000E+00  4.3703E-01  0.0000E+00  4.3703E-01  3.4479E-01
  1.0812E-01  0.0000E+00  1.3704E-01  0.0000E+00  1.3704E-01  1.0812E-01
  8.4741E-02  0.0000E+00  1.0741E-01  0.0000E+00  1.0741E-01  8.4741E-02
  4.8101E-02  0.0000E+00  6.0968E-02  0.0000E+00  6.0968E-02  4.8101E-02
  1.9128E-01  0.0000E+00  2.4245E-01  0.0000E+00  2.4245E-01  1.9128E-01
  2.8907E-01  0.0000E+00  3.6640E-01  0.0000E+00  3.6640E-01  2.8907E-01
  6.4548E-01  0.0000E+00  8.1816E-01  0.0000E+00  8.1816E-01  6.4548E-01
  4.8658E-01  0.0000E+00  6.1674E-01  0.0000E+00  6.1674E-01  4.8658E-01
  4.5730E-01  0.0000E+00  5.7963E-01  0.0000E+00  5.7963E-01  4.5730E-01
  7.5841E-02  0.0000E+00  9.6130E-02  0.0000E+00  9.6130E-02  7.5841E-02
  1.1421E-01  0.0000E+00  1.4476E-01  0.0000E+00  1.4476E-01  1.1421E-01
  6.0966E-02  0.0000E+00  7.7275E-02  0.0000E+00  7.7275E-02  6.0966E-02
  3.2455E-01  0.0000E+00  4.1137E-01  0.0000E+00  4.1137E-01  3.2455E-01
  9.8350E-01  0.0000E+00  1.2466E+00  0.0000E+00  1.2466E+00  9.8350E-01
  5.3401E-01  0.0000E+00  6.7687E-01  0.0000E+00  6.7687E-01  5.3401E-01
  4.2645E-01  0.0000E+00  5.4053E-01  0.0000E+00  5.4053E-01  4.2645E-01
  1.7663E-01  0.0000E+00  2.2388E-01  0.0000E+00  2.2388E-01  1.7663E-01
  1.2562E-01  0.0000E+00  1.5922E-01  0.0000E+00  1.5922E-01  1.2562E-01
  6.7687E-02  0.0000E+00  8.5794E-02  0.0000E+00  8.5794E-02  6.7687E-02
  4.6545E-02  0.0000E+00  5.8996E-02  0.0000E+00  5.8996E-02  4.6545E-02
  1.4651E-01  0.0000E+00  1.8570E-01  0.0000E+00  1.8570E-01  1.4651E-01
  6.1869E-01  0.0000E+00  7.8420E-01  0.0000E+00  7.8420E-01  6.1869E-01
  7.2810E-01  0.0000E+00  9.2287E-01  0.0000E+00  9.2287E-01  7.2810E-01
  7.0865E-01  0.0000E+00  8.9822E-01  0.0000E+00  8.9822E-01  7.0865E-01
  3.2887E-01  0.0000E+00  4.1685E-01  0.0000E+00  4.1685E-01  3.2887E-01
  1.3192E-01  0.0000E+00  1.6721E-01  0.0000E+00  1.6721E-01  1.3192E-01
  5.4780E-02  0.0000E+00  6.9434E-02  0.0000E+00  6.9434E-02  5.4780E-02
  4.4076E-02  0.0000E+00  5.5867E-02  0.0000E+00  5.5867E-02  4.4076E-02
  3.3069E-01  0.0000E+00  4.1915E-01  0.0000E+00  4.1915E-01  3.3069E-01
  1.1605E+00  0.0000E+00  1.4710E+00  0.0000E+00  1.4710E+00  1.1605E+00
  6.4734E-01  0.0000E+00  8.2051E-01  0.0000E+00  8.2051E-01  6.4734E-01
  8.5467E-01  0.0000E+00  1.0833E+00  0.0000E+00  1.0833E+00  8.5467E-01
  4.0350E-01  0.0000E+00  5.1144E-01  0.0000E+00  5.1144E-01  4.0350E-01
  2.2721E-01  0.0000E+00  2.8799E-01  0.0000E+00  2.8799E-01  2.2721E-01
  1.1079E-01  0.0000E+00  1.4043E-01  0.0000E+00  1.4043E-01  1.1079E-01
  9.5676E-02  0.0000E+00  1.2127E-01  0.0000E+00  1.2127E-01  9.5676E-02
  8.1041E-02  0.0000E+00  1.0272E-01  0.0000E+00  1.0272E-01  8.1041E-02
  8.0062E-01  0.0000E+00  1.0148E+00  0.0000E+00  1.0148E+00  8.0062E-01
  1.2221E+00  0.0000E+00  1.5490E+00  0.0000E+00  1.5490E+00  1.2221E+00
  1.1067E+00  0.0000E+00  1.4027E+00  0.0000E+00  1.4027E+00  1.1067E+00
  9.7096E-01  0.0000E+00  1.2307E+00  0.0000E+00  1.2307E+00  9.7096E-01
  2.9639E-01  0.0000E+00  3.7568E-01  0.0000E+00  3.7568E-01  2.9639E-01
  1.1161E-01  0.0000E+00  1.4147E-01  0.0000E+00  1.4147E-01  1.1161E-01
  6.1820E-02  0.0000E+00  7.8357E-02  0.0000E+00  7.8357E-02  6.1820E-02
  2.6857E-01  0.0000E+00  3.4041E-01  0.0000E+00  3.4041E-01  2.6857E-01
  3.1436E-01  0.0000E+00  3.9846E-01  0.0000E+00  3.9846E-01  3.1436E-01
  6.0717E-01  0.0000E+00  7.6960E-01  0.0000E+00  7.6960E-01  6.0717E-01
  8.2650E-01  0.0000E+00  1.0476E+00  0.0000E+00  1.0476E+00  8.2650E-01
  6.4601E-01  0.0000E+00  8.1882E-01  0.0000E+00  8.1882E-01  6.4601E-01
  2.8770E-01  0.0000E+00  3.6466E-01  0.0000E+00  3.6466E-01  2.8770E-01
  4.5248E-01  0.0000E+00  5.7353E-01  0.0000E+00  5.7353E-01  4.5248E-01
  2.8429E-01  0.0000E+00  3.6034E-01  0.0000E+00  3.6034E-01  2.8429E-01
  1.2184E-01  0.0000E+00  1.5444E-01  0.0000E+00  1.5444E-01  1.2184E-01
  2.7097E-01  0.0000E+00  3.4346E-01  0.0000E+00  3.4346E-01  2.7097E-01
  3.9691E-01  0.0000E+00  5.0309E-01  0.0000E+00  5.0309E-01  3.9691E-01
  3.9964E-01  0.0000E+00  5.0655E-01  0.0000E+00  5.0655E-01  3.9964E-01
  3.9921E-01  0.0000E+00  5.0600E-01  0.0000E+00  5.0600E-01  3.9921E-01
  1.3988E-01  0.0000E+00  1.7730E-01  0.0000E+00  1.7730E-01  1.3988E-01
  1.1504E-01  0.0000E+00  1.4582E-01  0.0000E+00  1.4582E-01  1.1504E-01
  8.3486E-02  0.0000E+00  1.0582E-01  0.0000E+00  1.0582E-01  8.3486E-02
  4.0329E-02  0.0000E+00  5.1117E-02  0.0000E+00  5.1117E-02  4.0329E-02
  1.7566E-01  0.0000E+00  2.2265E-01  0.0000E+00  2.2265E-01  1.7566E-01
  9.6646E-01  0.0000E+00  1.2250E+00  0.0000E+00  1.2250E+00  9.6646E-01
  7.9384E-01  0.0000E+00  1.0062E+00  0.0000E+00  1.0062E+00  7.9384E-01
  9.6323E-01  0.0000E+00  1.2209E+00  0.0000E+00  1.2209E+00  9.6323E-01
  3.8767E-01  0.0000E+00  4.9138E-01  0.0000E+00  4.9138E-01  3.8767E-01
  1.5910E-01  0.0000E+00  2.0166E-01  0.0000E+00  2.0166E-01  1.5910E-01
  1.0065E-01  0.0000E+00  1.2758E-01  0.0000E+00  1.2758E-01  1.0065E-01
  6.5280E-02  0.0000E+00  8.2743E-02  0.0000E+00  8.2743E-02  6.5280E-02
  1.6106E-01  0.0000E+00  2.0414E-01  0.0000E+00  2.0414E-01  1.6106E-01
  8.6745E-01  0.0000E+00  1.0995E+00  0.0000E+00  1.0995E+00  8.6745E-01
  9.6488E-01  0.0000E+00  1.2230E+00  0.0000E+00  1.2230E+00  9.6488E-01
  7.1643E-01  0.0000E+00  9.0808E-01  0.0000E+00  9.0808E-01  7.1643E-01
  3.7571E-01  0.0000E+00  4.7622E-01  0.0000E+00  4.7622E-01  3.7571E-01
  1.5035E-01  0.0000E+00  1.9057E-01  0.0000E+00  1.9057E-01  1.5035E-01
  8.5672E-02  0.0000E+00  1.0859E-01  0.0000E+00  1.0859E-01  8.5672E-02
  5.7299E-02  0.0000E+00  7.2627E-02  0.0000E+00  7.2627E-02  5.7299E-02
  5.2418E-02  0.0000E+00  6.6440E-02  0.0000E+00  6.6440E-02  5.2418E-02
  8.5538E-02  0.0000E+00  1.0842E-01  0.0000E+00  1.0842E-01  8.5538E-02
  5.5655E-01  0.0000E+00  7.0543E-01  0.0000E+00  7.0543E-01  5.5655E-01
  7.3737E-01  0.0000E+00  9.3462E-01  0.0000E+00  9.3462E-01  7.3737E-01
  4.4623E-01  0.0000E+00  5.6560E-01  0.0000E+00  5.6560E-01  4.4623E-01
  2.8505E-01  0.0000E+00  3.6130E-01  0.0000E+00  3.6130E-01  2.8505E-01
  4.0031E-01  0.0000E+00  5.0740E-01  0.0000E+00  5.0740E-01  4.0031E-01
  2.3250E-01  0.0000E+00  2.9470E-01  0.0000E+00  2.9470E-01  2.3250E-01
  1.6345E-01  0.0000E+00  2.0718E-01  0.0000E+00  2.0718E-01  1.6345E-01
  1.1758E-01  0.0000E+00  1.4904E-01  0.0000E+00  1.4904E-01  1.1758E-01
  4.6713E-01  0.0000E+00  5.9209E-01  0.0000E+00  5.9209E-01  4.6713E-01
  4.7618E-01  0.0000E+00  6.0356E-01  0.0000E+00  6.0356E-01  4.7618E-01
  9.5818E-01  0.0000E+00  1.2145E+00  0.0000E+00  1.2145E+00  9.5818E-01
  6.5692E-01  0.0000E+00  8.3265E-01  0.0000E+00  8.3265E-01  6.5692E-01
  2.1018E-01  0.0000E+00  2.6640E-01  0.0000E+00  2.6640E-01  2.1018E-01
  1.3149E-01  0.0000E+00  1.6666E-01  0.0000E+00  1.6666E-01  1.3149E-01
  2.0445E-01  0.0000E+00  2.5914E-01  0.0000E+00  2.5914E-01  2.0445E-01
  9.1455E-02  0.0000E+00  1.1592E-01  0.0000E+00  1.1592E-01  9.1455E-02
  4.0006E-01  0.0000E+00  5.0708E-01  0.0000E+00  5.0708E-01  4.0006E-01
  2.6902E-01  0.0000E+00  3.4099E-01  0.0000E+00  3.4099E-01  2.6902E-01
  7.9305E-01  0.0000E+00  1.0052E+00  0.0000E+00  1.0052E+00  7.9305E-01
  4.9097E-01  0.0000E+00  6.2231E-01  0.0000E+00  6.2231E-01  4.9097E-01
  3.4058E-01  0.0000E+00  4.3169E-01  0.0000E+00  4.3169E-01  3.4058E-01
  6.7866E-02  0.0000E+00  8.6021E-02  0.0000E+00  8.6021E-02  6.7866E-02
  7.6151E-02  0.0000E+00  9.6522E-02  0.0000E+00  9.6522E-02  7.6151E-02
  3.1219E-01  0.0000E+00  3.9571E-01  0.0000E+00  3.9571E-01  3.1219E-01
  2.0088E+00  0.0000E+00  2.5462E+00  0.0000E+00  2.5462E+00  2.0088E+00
  1.8855E+00  0.0000E+00  2.3899E+00  0.0000E+00  2.3899E+00  1.8855E+00
  8.6942E-01  0.0000E+00  1.1020E+00  0.0000E+00  1.1020E+00  8.6942E-01
  1.6201E-01  0.0000E+00  2.0535E-01  0.0000E+00  2.0535E-01  1.6201E-01
  2.0172E-01  0.0000E+00  2.5568E-01  0.0000E+00  2.5568E-01  2.0172E-01
  1.2383E+00  0.0000E+00  1.5695E+00  0.0000E+00  1.5695E+00  1.2383E+00
  1.5050E+00  0.0000E+00  1.9076E+00  0.0000E+00  1.9076E+00  1.5050E+00
  6.7656E-01  0.0000E+00  8.5755E-01  0.0000E+00  8.5755E-01  6.7656E-01
  3.3475E-01  0.0000E+00  4.2430E-01  0.0000E+00  4.2430E-01  3.3475E-01
  1.0571E-01  0.0000E+00  1.3399E-01  0.0000E+00  1.3399E-01  1.0571E-01
  5.6624E-02  0.0000E+00  7.1772E-02  0.0000E+00  7.1772E-02  5.6624E-02
  1.8069E-01  0.0000E+00  2.2903E-01  0.0000E+00  2.2903E-01  1.8069E-01
  1.4838E-01  0.0000E+00  1.8807E-01  0.0000E+00  1.8807E-01  1.4838E-01
  4.7052E-01  0.0000E+00  5.9639E-01  0.0000E+00  5.9639E-01  4.7052E-01
  3.8770E-01  0.0000E+00  4.9141E-01  0.0000E+00  4.9141E-01  3.8770E-01
  1.0734E-01  0.0000E+00  1.3606E-01  0.0000E+00  1.3606E-01  1.0734E-01
  1.8291E-01  0.0000E+00  2.3184E-01  0.0000E+00  2.3184E-01  1.8291E-01
  1.0026E-01  0.0000E+00  1.2708E-01  0.0000E+00  1.2708E-01  1.0026E-01
  6.3943E-02  0.0000E+00  8.1048E-02  0.0000E+00  8.1048E-02  6.3943E-02
  1.1280E+00  0.0000E+00  1.4297E+00  0.0000E+00  1.4297E+00  1.1280E+00
  9.8737E-01  0.0000E+00  1.2515E+00  0.0000E+00  1.2515E+00  9.8737E-01
  5.3067E-01  0.0000E+00  6.7263E-01  0.0000E+00  6.7263E-01  5.3067E-01
  1.0601E-01  0.0000E+00  1.3437E-01  0.0000E+00  1.3437E-01  1.0601E-01
  1.9007E-01  0.0000E+00  2.4091E-01  0.0000E+00  2.4091E-01  1.9007E-01
  3.8623E-01  0.0000E+00  4.8955E-01  0.0000E+00  4.8955E-01  3.8623E-01
  2.3838E-01  0.0000E+00  3.0215E-01  0.0000E+00  3.0215E-01  2.3838E-01
  3.0137E-01  0.0000E+00  3.8199E-01  0.0000E+00  3.8199E-01  3.0137E-01
  4.7009E-01  0.0000E+00  5.9584E-01  0.0000E+00  5.9584E-01  4.7009E-01
  2.1089E-01  0.0000E+00  2.6730E-01  0.0000E+00  2.6730E-01  2.1089E-01
  1.2089E-01  0.0000E+00  1.5323E-01  0.0000E+00  1.5323E-01  1.2089E-01
  3.9995E-02  0.0000E+00  5.0694E-02  0.0000E+00  5.0694E-02  3.9995E-02
  1.0291E-01  0.0000E+00  1.3044E-01  0.0000E+00  1.3044E-01  1.0291E-01
  9.3474E-01  0.0000E+00  1.1848E+00  0.0000E+00  1.1848E+00  9.3474E-01
  7.8756E-01  0.0000E+00  9.9824E-01  0.0000E+00  9.9824E-01  7.8756E-01
  4.0489E-01  0.0000E+00  5.1320E-01  0.0000E+00  5.1320E-01  4.0489E-01
  6.1123E-01  0.0000E+00  7.7474E-01  0.0000E+00  7.7474E-01  6.1123E-01
  4.3024E-01  0.0000E+00  5.4534E-01  0.0000E+00  5.4534E-01  4.3024E-01
  2.7259E-01  0.0000E+00  3.4551E-01  0.0000E+00  3.4551E-01  2.7259E-01
  1.8137E-01  0.0000E+00  2.2989E-01  0.0000E+00  2.2989E-01  1.8137E-01
  1.3620E-01  0.0000E+00  1.7264E-01  0.0000E+00  1.7264E-01  1.3620E-01
  3.7881E-01  0.0000E+00  4.8014E-01  0.0000E+00  4.8014E-01  3.7881E-01
  8.2374E-01  0.0000E+00  1.0441E+00  0.0000E+00  1.0441E+00  8.2374E-01
  1.3607E+00  0.0000E+00  1.7247E+00  0.0000E+00  1.7247E+00  1.3607E+00
  9.8074E-01  0.0000E+00  1.2431E+00  0.0000E+00  1.2431E+00  9.8074E-01
  5.2061E-01  0.0000E+00  6.5988E-01  0.0000E+00  6.5988E-01  5.2061E-01
  6.9373E-02  0.0000E+00  8.7931E-02  0.0000E+00  8.7931E-02  6.9373E-02
  4.4396E-02  0.0000E+00  5.6272E-02  0.0000E+00  5.6272E-02  4.4396E-02
  4.8540E-02  0.0000E+00  6.1525E-02  0.0000E+00  6.1525E-02  4.8540E-02
  4.5824E-02  0.0000E+00  5.8082E-02  0.0000E+00  5.8082E-02  4.5824E-02
  2.7763E-01  0.0000E+00  3.5190E-01  0.0000E+00  3.5190E-01  2.7763E-01
  5.2609E-01  0.0000E+00  6.6682E-01  0.0000E+00  6.6682E-01  5.2609E-01
  4.8829E-01  0.0000E+00  6.1891E-01  0.0000E+00  6.1891E-01  4.8829E-01
  2.7699E-01  0.0000E+00  3.5109E-01  0.0000E+00  3.5109E-01  2.7699E-01
  2.8438E-01  0.0000E+00  3.6045E-01  0.0000E+00  3.6045E-01  2.8438E-01
  2.1823E-01  0.0000E+00  2.7661E-01  0.0000E+00  2.7661E-01  2.1823E-01
  6.9686E-02  0.0000E+00  8.8328E-02  0.0000E+00  8.8328E-02  6.9686E-02
  9.4697E-02  0.0000E+00  1.2003E-01  0.0000E+00  1.2003E-01  9.4697E-02
  2.7054E-01  0.0000E+00  3.4291E-01  0.0000E+00  3.4291E-01  2.7054E-01
  6.1848E-01  0.0000E+00  7.8393E-01  0.0000E+00  7.8393E-01  6.1848E-01
  5.0877E-01  0.0000E+00  6.4487E-01  0.0000E+00  6.4487E-01  5.0877E-01
  3.3831E-01  0.0000E+00  4.2881E-01  0.0000E+00  4.2881E-01  3.3831E-01
  3.6201E-01  0.0000E+00  4.5885E-01  0.0000E+00  4.5885E-01  3.6201E-01
  8.0307E-02  0.0000E+00  1.0179E-01  0.0000E+00  1.0179E-01  8.0307E-02
  3.6407E-01  0.0000E+00  4.6146E-01  0.0000E+00  4.6146E-01  3.6407E-01
  8.5167E-01  0.0000E+00  1.0795E+00  0.0000E+00  1.0795E+00  8.5167E-01
  6.9782E-01  0.0000E+00  8.8450E-01  0.0000E+00  8.8450E-01  6.9782E-01
  5.7587E-01  0.0000E+00  7.2992E-01  0.0000E+00  7.2992E-01  5.7587E-01
  6.6568E-01  0.0000E+00  8.4376E-01  0.0000E+00  8.4376E-01  6.6568E-01
  1.5358E-01  0.0000E+00  1.9466E-01  0.0000E+00  1.9466E-01  1.5358E-01
  1.6227E-01  0.0000E+00  2.0568E-01  0.0000E+00  2.0568E-01  1.6227E-01
  1.9307E-01  0.0000E+00  2.4472E-01  0.0000E+00  2.4472E-01  1.9307E-01
  5.6406E-02  0.0000E+00  7.1495E-02  0.0000E+00  7.1495E-02  5.6406E-02
  6.3339E-01  0.0000E+00  8.0283E-01  0.0000E+00  8.0283E-01  6.3339E-01
  7.3949E-01  0.0000E+00  9.3731E-01  0.0000E+00  9.3731E-01  7.3949E-01
  7.7448E-01  0.0000E+00  9.8166E-01  0.0000E+00  9.8166E-01  7.7448E-01
  7.7838E-01  0.0000E+00  9.8660E-01  0.0000E+00  9.8660E-01  7.7838E-01
  3.2479E-01  0.0000E+00  4.1168E-01  0.0000E+00  4.1168E-01  3.2479E-01
  1.2871E-01  0.0000E+00  1.6314E-01  0.0000E+00  1.6314E-01  1.2871E-01
  9.1865E-02  0.0000E+00  1.1644E-01  0.0000E+00  1.1644E-01  9.1865E-02
  6.8763E-02  0.0000E+00  8.7158E-02  0.0000E+00  8.7158E-02  6.8763E-02
  6.8586E-01  0.0000E+00  8.6934E-01  0.0000E+00  8.6934E-01  6.8586E-01
  6.1985E-01  0.0000E+00  7.8567E-01  0.0000E+00  7.8567E-01  6.1985E-01
  1.2323E+00  0.0000E+00  1.5619E+00  0.0000E+00  1.5619E+00  1.2323E+00
  7.2245E-01  0.0000E+00  9.1571E-01  0.0000E+00  9.1571E-01  7.2245E-01
  4.6706E-01  0.0000E+00  5.9200E-01  0.0000E+00  5.9200E-01  4.6706E-01
  1.4429E-01  0.0000E+00  1.8289E-01  0.0000E+00  1.8289E-01  1.4429E-01
  1.1052E-01  0.0000E+00  1.4008E-01  0.0000E+00  1.4008E-01  1.1052E-01
  4.5188E-02  0.0000E+00  5.7276E-02  0.0000E+00  5.7276E-02  4.5188E-02
  1.0641E+00  0.0000E+00  1.3488E+00  0.0000E+00  1.3488E+00  1.0641E+00
  8.4086E-01  0.0000E+00  1.0658E+00  0.0000E+00  1.0658E+00  8.4086E-01
  7.7897E-01  0.0000E+00  9.8735E-01  0.0000E+00  9.8735E-01  7.7897E-01
  4.4624E-01  0.0000E+00  5.6562E-01  0.0000E+00  5.6562E-01  4.4624E-01
  2.0155E-01  0.0000E+00  2.5547E-01  0.0000E+00  2.5547E-01  2.0155E-01
  6.3181E-02  0.0000E+00  8.0083E-02  0.0000E+00  8.0083E-02  6.3181E-02
  4.7256E-02  0.0000E+00  5.9898E-02  0.0000E+00  5.9898E-02  4.7256E-02
  9.5739E-02  0.0000E+00  1.2135E-01  0.0000E+00  1.2135E-01  9.5739E-02
  5.4203E-01  0.0000E+00  6.8703E-01  0.0000E+00  6.8703E-01  5.4203E-01
  7.6623E-01  0.0000E+00  9.7120E-01  0.0000E+00  9.7120E-01  7.6623E-01
  5.9132E-01  0.0000E+00  7.4951E-01  0.0000E+00  7.4951E-01  5.9132E-01
  3.2515E-01  0.0000E+00  4.1213E-01  0.0000E+00  4.1213E-01  3.2515E-01
  1.6423E-01  0.0000E+00  2.0816E-01  0.0000E+00  2.0816E-01  1.6423E-01
  8.3668E-02  0.0000E+00  1.0605E-01  0.0000E+00  1.0605E-01  8.3668E-02
  5.8369E-02  0.0000E+00  7.3984E-02  0.0000E+00  7.3984E-02  5.8369E-02
  8.9830E-02  0.0000E+00  1.1386E-01  0.0000E+00  1.1386E-01  8.9830E-02
  6.7922E-01  0.0000E+00  8.6092E-01  0.0000E+00  8.6092E-01  6.7922E-01
  8.2690E-01  0.0000E+00  1.0481E+00  0.0000E+00  1.0481E+00  8.2690E-01
  5.6242E-01  0.0000E+00  7.1287E-01  0.0000E+00  7.1287E-01  5.6242E-01
  5.8418E-01  0.0000E+00  7.4046E-01  0.0000E+00  7.4046E-01  5.8418E-01
  1.7891E-01  0.0000E+00  2.2677E-01  0.0000E+00  2.2677E-01  1.7891E-01
  8.4078E-02  0.0000E+00  1.0657E-01  0.0000E+00  1.0657E-01  8.4078E-02
  7.5959E-02  0.0000E+00  9.6279E-02  0.0000E+00  9.6279E-02  7.5959E-02
  8.5861E-02  0.0000E+00  1.0883E-01  0.0000E+00  1.0883E-01  8.5861E-02
  8.3557E-01  0.0000E+00  1.0591E+00  0.0000E+00  1.0591E+00  8.3557E-01
  1.0636E+00  0.0000E+00  1.3481E+00  0.0000E+00  1.3481E+00  1.0636E+00
  7.5976E-01  0.0000E+00  9.6300E-01  0.0000E+00  9.6300E-01  7.5976E-01
  1.7736E-01  0.0000E+00  2.2480E-01  0.0000E+00  2.2480E-01  1.7736E-01
  5.9835E-02  0.0000E+00  7.5842E-02  0.0000E+00  7.5842E-02  5.9835E-02
  4.8084E-02  0.0000E+00  6.0947E-02  0.0000E+00  6.0947E-02  4.8084E-02
  4.1410E-02  0.0000E+00  5.2488E-02  0.0000E+00  5.2488E-02  4.1410E-02
  1.5623E-01  0.0000E+00  1.9802E-01  0.0000E+00  1.9802E-01  1.5623E-01
  7.2118E-01  0.0000E+00  9.1410E-01  0.0000E+00  9.1410E-01  7.2118E-01
  6.5214E-01  0.0000E+00  8.2660E-01  0.0000E+00  8.2660E-01  6.5214E-01
  5.2040E-01  0.0000E+00  6.5961E-01  0.0000E+00  6.5961E-01  5.2040E-01
  1.5916E-01  0.0000E+00  2.0174E-01  0.0000E+00  2.0174E-01  1.5916E-01
  7.9660E-02  0.0000E+00  1.0097E-01  0.0000E+00  1.0097E-01  7.9660E-02
  1.9179E-01  0.0000E+00  2.4310E-01  0.0000E+00  2.4310E-01  1.9179E-01
  1.4137E+00  0.0000E+00  1.7919E+00  0.0000E+00  1.7919E+00  1.4137E+00
  2.1555E+00  0.0000E+00  2.7321E+00  0.0000E+00  2.7321E+00  2.1555E+00
  2.4442E+00  0.0000E+00  3.0981E+00  0.0000E+00  3.0981E+00  2.4442E+00
  2.0139E+00  0.0000E+00  2.5527E+00  0.0000E+00  2.5527E+00  2.0139E+00
  1.8495E+00  0.0000E+00  2.3443E+00  0.0000E+00  2.3443E+00  1.8495E+00
  8.5837E-01  0.0000E+00  1.0880E+00  0.0000E+00  1.0880E+00  8.5837E-01
  4.9552E-01  0.0000E+00  6.2808E-01  0.0000E+00  6.2808E-01  4.9552E-01
  5.8406E-01  0.0000E+00  7.4030E-01  0.0000E+00  7.4030E-01  5.8406E-01
  5.0177E-01  0.0000E+00  6.3600E-01  0.0000E+00  6.3600E-01  5.0177E-01
  1.0753E+00  0.0000E+00  1.3630E+00  0.0000E+00  1.3630E+00  1.0753E+00
  1.7000E+00  0.0000E+00  2.1548E+00  0.0000E+00  2.1548E+00  1.7000E+00
  1.3702E+00  0.0000E+00  1.7368E+00  0.0000E+00  1.7368E+00  1.3702E+00
  2.0263E+00  0.0000E+00  2.5683E+00  0.0000E+00  2.5683E+00  2.0263E+00
  9.0824E-01  0.0000E+00  1.1512E+00  0.0000E+00  1.1512E+00  9.0824E-01
  1.9154E-01  0.0000E+00  2.4278E-01  0.0000E+00  2.4278E-01  1.9154E-01
  2.9124E-01  0.0000E+00  3.6915E-01  0.0000E+00  3.6915E-01  2.9124E-01
  1.5448E-01  0.0000E+00  1.9580E-01  0.0000E+00  1.9580E-01  1.5448E-01
  1.4089E+00  0.0000E+00  1.7858E+00  0.0000E+00  1.7858E+00  1.4089E+00
  4.2392E+00  0.0000E+00  5.3732E+00  0.0000E+00  5.3732E+00  4.2392E+00
  4.7132E+00  0.0000E+00  5.9740E+00  0.0000E+00  5.9740E+00  4.7132E+00
  2.5481E+00  0.0000E+00  3.2298E+00  0.0000E+00  3.2298E+00  2.5481E+00
  2.1897E-01  0.0000E+00  2.7755E-01  0.0000E+00  2.7755E-01  2.1897E-01
  8.0291E-02  0.0000E+00  1.0177E-01  0.0000E+00  1.0177E-01  8.0291E-02
  7.6554E-02  0.0000E+00  9.7033E-02  0.0000E+00  9.7033E-02  7.6554E-02
  4.4014E-02  0.0000E+00  5.5788E-02  0.0000E+00  5.5788E-02  4.4014E-02
  1.3029E-01  0.0000E+00  1.6514E-01  0.0000E+00  1.6514E-01  1.3029E-01
  1.5859E+00  0.0000E+00  2.0102E+00  0.0000E+00  2.0102E+00  1.5859E+00
  1.2311E+00  0.0000E+00  1.5604E+00  0.0000E+00  1.5604E+00  1.2311E+00
  1.5631E+00  0.0000E+00  1.9812E+00  0.0000E+00  1.9812E+00  1.5631E+00
  1.2282E+00  0.0000E+00  1.5568E+00  0.0000E+00  1.5568E+00  1.2282E+00
  7.2324E-01  0.0000E+00  9.1672E-01  0.0000E+00  9.1672E-01  7.2324E-01
  2.7020E-01  0.0000E+00  3.4248E-01  0.0000E+00  3.4248E-01  2.7020E-01
  2.6885E-01  0.0000E+00  3.4077E-01  0.0000E+00  3.4077E-01  2.6885E-01
  2.6168E-01  0.0000E+00  3.3168E-01  0.0000E+00  3.3168E-01  2.6168E-01
  3.3161E-01  0.0000E+00  4.2032E-01  0.0000E+00  4.2032E-01  3.3161E-01
  9.9676E-01  0.0000E+00  1.2634E+00  0.0000E+00  1.2634E+00  9.9676E-01
  1.7029E+00  0.0000E+00  2.1585E+00  0.0000E+00  2.1585E+00  1.7029E+00
  1.7604E+00  0.0000E+00  2.2313E+00  0.0000E+00  2.2313E+00  1.7604E+00
  1.2252E+00  0.0000E+00  1.5530E+00  0.0000E+00  1.5530E+00  1.2252E+00
  3.6432E-01  0.0000E+00  4.6178E-01  0.0000E+00  4.6178E-01  3.6432E-01
  3.1291E-01  0.0000E+00  3.9662E-01  0.0000E+00  3.9662E-01  3.1291E-01
  1.1497E-01  0.0000E+00  1.4573E-01  0.0000E+00  1.4573E-01  1.1497E-01
  8.5837E-02  0.0000E+00  1.0880E-01  0.0000E+00  1.0880E-01  8.5837E-02
  8.4717E-02  0.0000E+00  1.0738E-01  0.0000E+00  1.0738E-01  8.4717E-02
  1.5212E+00  0.0000E+00  1.9282E+00  0.0000E+00  1.9282E+00  1.5212E+00
  2.5006E+00  0.0000E+00  3.1695E+00  0.0000E+00  3.1695E+00  2.5006E+00
  2.1775E+00  0.0000E+00  2.7600E+00  0.0000E+00  2.7600E+00  2.1775E+00
  6.4151E-01  0.0000E+00  8.1312E-01  0.0000E+00  8.1312E-01  6.4151E-01
  9.6709E-02  0.0000E+00  1.2258E-01  0.0000E+00  1.2258E-01  9.6709E-02
  4.9840E-01  0.0000E+00  6.3173E-01  0.0000E+00  6.3173E-01  4.9840E-01
  4.3810E+00  0.0000E+00  5.5530E+00  0.0000E+00  5.5530E+00  4.3810E+00
  4.3542E+00  0.0000E+00  5.5190E+00  0.0000E+00  5.5190E+00  4.3542E+00
  1.4226E+00  0.0000E+00  1.8032E+00  0.0000E+00  1.8032E+00  1.4226E+00
  1.7588E+00  0.0000E+00  2.2293E+00  0.0000E+00  2.2293E+00  1.7588E+00
  3.7066E-01  0.0000E+00  4.6981E-01  0.0000E+00  4.6981E-01  3.7066E-01
  2.3352E-01  0.0000E+00  2.9599E-01  0.0000E+00  2.9599E-01  2.3352E-01
  1.8035E-01  0.0000E+00  2.2859E-01  0.0000E+00  2.2859E-01  1.8035E-01
  1.4516E-01  0.0000E+00  1.8399E-01  0.0000E+00  1.8399E-01  1.4516E-01
  4.7855E-01  0.0000E+00  6.0657E-01  0.0000E+00  6.0657E-01  4.7855E-01
  1.0129E+00  0.0000E+00  1.2839E+00  0.0000E+00  1.2839E+00  1.0129E+00
  3.1729E+00  0.0000E+00  4.0217E+00  0.0000E+00  4.0217E+00  3.1729E+00
  1.5776E+00  0.0000E+00  1.9996E+00  0.0000E+00  1.9996E+00  1.5776E+00
  2.0797E+00  0.0000E+00  2.6361E+00  0.0000E+00  2.6361E+00  2.0797E+00
  9.1849E-01  0.0000E+00  1.1642E+00  0.0000E+00  1.1642E+00  9.1849E-01
  2.8485E-01  0.0000E+00  3.6105E-01  0.0000E+00  3.6105E-01  2.8485E-01
  2.2618E-01  0.0000E+00  2.8669E-01  0.0000E+00  2.8669E-01  2.2618E-01
  1.7500E-01  0.0000E+00  2.2182E-01  0.0000E+00  2.2182E-01  1.7500E-01
  8.3147E-01  0.0000E+00  1.0539E+00  0.0000E+00  1.0539E+00  8.3147E-01
  2.0345E+00  0.0000E+00  2.5788E+00  0.0000E+00  2.5788E+00  2.0345E+00
  1.8368E+00  0.0000E+00  2.3282E+00  0.0000E+00  2.3282E+00  1.8368E+00
  1.6185E+00  0.0000E+00  2.0515E+00  0.0000E+00  2.0515E+00  1.6185E+00
  1.9622E+00  0.0000E+00  2.4871E+00  0.0000E+00  2.4871E+00  1.9622E+00
  4.4713E-01  0.0000E+00  5.6674E-01  0.0000E+00  5.6674E-01  4.4713E-01
  9.9928E-02  0.0000E+00  1.2666E-01  0.0000E+00  1.2666E-01  9.9928E-02
  1.5134E-01  0.0000E+00  1.9183E-01  0.0000E+00  1.9183E-01  1.5134E-01
  1.4205E-01  0.0000E+00  1.8005E-01  0.0000E+00  1.8005E-01  1.4205E-01
  6.7532E-01  0.0000E+00  8.5598E-01  0.0000E+00  8.5598E-01  6.7532E-01
  5.3548E-01  0.0000E+00  6.7873E-01  0.0000E+00  6.7873E-01  5.3548E-01
  3.0498E+00  0.0000E+00  3.8656E+00  0.0000E+00  3.8656E+00  3.0498E+00
  8.2106E-01  0.0000E+00  1.0407E+00  0.0000E+00  1.0407E+00  8.2106E-01
  3.3170E-01  0.0000E+00  4.2043E-01  0.0000E+00  4.2043E-01  3.3170E-01
  9.7151E-02  0.0000E+00  1.2314E-01  0.0000E+00  1.2314E-01  9.7151E-02
  1.2156E+00  0.0000E+00  1.5408E+00  0.0000E+00  1.5408E+00  1.2156E+00
  2.5003E+00  0.0000E+00  3.1692E+00  0.0000E+00  3.1692E+00  2.5003E+00
  2.0127E+00  0.0000E+00  2.5511E+00  0.0000E+00  2.5511E+00  2.0127E+00
  2.6025E+00  0.0000E+00  3.2987E+00  0.0000E+00  3.2987E+00  2.6025E+00
  1.1266E+00  0.0000E+00  1.4280E+00  0.0000E+00  1.4280E+00  1.1266E+00
  9.8887E-01  0.0000E+00  1.2534E+00  0.0000E+00  1.2534E+00  9.8887E-01
  5.8222E-01  0.0000E+00  7.3797E-01  0.0000E+00  7.3797E-01  5.8222E-01
  1.6461E-01  0.0000E+00  2.0865E-01  0.0000E+00  2.0865E-01  1.6461E-01
  1.8164E-01  0.0000E+00  2.3023E-01  0.0000E+00  2.3023E-01  1.8164E-01
  4.2930E-01  0.0000E+00  5.4414E-01  0.0000E+00  5.4414E-01  4.2930E-01
  1.7892E+00  0.0000E+00  2.2678E+00  0.0000E+00  2.2678E+00  1.7892E+00
  1.5609E+00  0.0000E+00  1.9784E+00  0.0000E+00  1.9784E+00  1.5609E+00
  8.7810E-01  0.0000E+00  1.1130E+00  0.0000E+00  1.1130E+00  8.7810E-01
  4.2904E-01  0.0000E+00  5.4381E-01  0.0000E+00  5.4381E-01  4.2904E-01
  1.7701E-01  0.0000E+00  2.2436E-01  0.0000E+00  2.2436E-01  1.7701E-01
  9.2567E-02  0.0000E+00  1.1733E-01  0.0000E+00  1.1733E-01  9.2567E-02
  3.7204E-01  0.0000E+00  4.7157E-01  0.0000E+00  4.7157E-01  3.7204E-01
  1.3222E+00  0.0000E+00  1.6759E+00  0.0000E+00  1.6759E+00  1.3222E+00
  1.8509E+00  0.0000E+00  2.3460E+00  0.0000E+00  2.3460E+00  1.8509E+00
  1.0756E+00  0.0000E+00  1.3633E+00  0.0000E+00  1.3633E+00  1.0756E+00
  4.2908E-01  0.0000E+00  5.4386E-01  0.0000E+00  5.4386E-01  4.2908E-01
  2.8777E-01  0.0000E+00  3.6475E-01  0.0000E+00  3.6475E-01  2.8777E-01
  1.1844E-01  0.0000E+00  1.5013E-01  0.0000E+00  1.5013E-01  1.1844E-01
  7.6618E-02  0.0000E+00  9.7114E-02  0.0000E+00  9.7114E-02  7.6618E-02
  4.4124E-02  0.0000E+00  5.5928E-02  0.0000E+00  5.5928E-02  4.4124E-02
  7.7169E-01  0.0000E+00  9.7813E-01  0.0000E+00  9.7813E-01  7.7169E-01
  1.0612E+00  0.0000E+00  1.3451E+00  0.0000E+00  1.3451E+00  1.0612E+00
  1.7302E+00  0.0000E+00  2.1930E+00  0.0000E+00  2.1930E+00  1.7302E+00
  3.4278E+00  0.0000E+00  4.3448E+00  0.0000E+00  4.3448E+00  3.4278E+00
  1.4155E+00  0.0000E+00  1.7942E+00  0.0000E+00  1.7942E+00  1.4155E+00
  1.8756E-01  0.0000E+00  2.3774E-01  0.0000E+00  2.3774E-01  1.8756E-01
  4.4823E-01  0.0000E+00  5.6814E-01  0.0000E+00  5.6814E-01  4.4823E-01
  1.8603E-01  0.0000E+00  2.3579E-01  0.0000E+00  2.3579E-01  1.8603E-01
  2.1342E-01  0.0000E+00  2.7051E-01  0.0000E+00  2.7051E-01  2.1342E-01
  8.2421E-01  0.0000E+00  1.0447E+00  0.0000E+00  1.0447E+00  8.2421E-01
  2.5846E+00  0.0000E+00  3.2760E+00  0.0000E+00  3.2760E+00  2.5846E+00
  8.1727E-01  0.0000E+00  1.0359E+00  0.0000E+00  1.0359E+00  8.1727E-01
  1.7106E+00  0.0000E+00  2.1682E+00  0.0000E+00  2.1682E+00  1.7106E+00
  1.6389E-01  0.0000E+00  2.0773E-01  0.0000E+00  2.0773E-01  1.6389E-01
  7.6952E-02  0.0000E+00  9.7537E-02  0.0000E+00  9.7537E-02  7.6952E-02
  3.9613E-02  0.0000E+00  5.0210E-02  0.0000E+00  5.0210E-02  3.9613E-02
  5.5975E-01  0.0000E+00  7.0949E-01  0.0000E+00  7.0949E-01  5.5975E-01
  2.2780E+00  0.0000E+00  2.8874E+00  0.0000E+00  2.8874E+00  2.2780E+00
  2.5112E+00  0.0000E+00  3.1830E+00  0.0000E+00  3.1830E+00  2.5112E+00
  1.8997E+00  0.0000E+00  2.4079E+00  0.0000E+00  2.4079E+00  1.8997E+00
  3.8595E-01  0.0000E+00  4.8919E-01  0.0000E+00  4.8919E-01  3.8595E-01
  2.3343E-01  0.0000E+00  2.9588E-01  0.0000E+00  2.9588E-01  2.3343E-01
  1.1015E-01  0.0000E+00  1.3962E-01  0.0000E+00  1.3962E-01  1.1015E-01
  1.3573E-01  0.0000E+00  1.7204E-01  0.0000E+00  1.7204E-01  1.3573E-01
  7.1729E-02  0.0000E+00  9.0917E-02  0.0000E+00  9.0917E-02  7.1729E-02
  1.8422E+00  0.0000E+00  2.3350E+00  0.0000E+00  2.3350E+00  1.8422E+00
  3.6475E+00  0.0000E+00  4.6233E+00  0.0000E+00  4.6233E+00  3.6475E+00
  2.9174E+00  0.0000E+00  3.6978E+00  0.0000E+00  3.6978E+00  2.9174E+00
  1.5011E+00  0.0000E+00  1.9026E+00  0.0000E+00  1.9026E+00  1.5011E+00
  6.5925E-01  0.0000E+00  8.3561E-01  0.0000E+00  8.3561E-01  6.5925E-01
  2.0664E-01  0.0000E+00  2.6192E-01  0.0000E+00  2.6192E-01  2.0664E-01
  1.0175E-01  0.0000E+00  1.2897E-01  0.0000E+00  1.2897E-01  1.0175E-01
  8.1088E-02  0.0000E+00  1.0278E-01  0.0000E+00  1.0278E-01  8.1088E-02
  5.4671E-02  0.0000E+00  6.9296E-02  0.0000E+00  6.9296E-02  5.4671E-02
  1.6348E+00  0.0000E+00  2.0721E+00  0.0000E+00  2.0721E+00  1.6348E+00
  2.2019E+00  0.0000E+00  2.7909E+00  0.0000E+00  2.7909E+00  2.2019E+00
  4.0432E+00  0.0000E+00  5.1248E+00  0.0000E+00  5.1248E+00  4.0432E+00
  2.7979E+00  0.0000E+00  3.5464E+00  0.0000E+00  3.5464E+00  2.7979E+00
  1.2358E+00  0.0000E+00  1.5664E+00  0.0000E+00  1.5664E+00  1.2358E+00
  2.5752E-01  0.0000E+00  3.2641E-01  0.0000E+00  3.2641E-01  2.5752E-01
  1.1440E-01  0.0000E+00  1.4500E-01  0.0000E+00  1.4500E-01  1.1440E-01
  5.7573E-02  0.0000E+00  7.2975E-02  0.0000E+00  7.2975E-02  5.7573E-02
  1.0897E-01  0.0000E+00  1.3812E-01  0.0000E+00  1.3812E-01  1.0897E-01
  3.1043E-01  0.0000E+00  3.9348E-01  0.0000E+00  3.9348E-01  3.1043E-01
  1.0519E+00  0.0000E+00  1.3333E+00  0.0000E+00  1.3333E+00  1.0519E+00
  2.3036E+00  0.0000E+00  2.9199E+00  0.0000E+00  2.9199E+00  2.3036E+00
  2.5589E+00  0.0000E+00  3.2434E+00  0.0000E+00  3.2434E+00  2.5589E+00
  8.9695E-01  0.0000E+00  1.1369E+00  0.0000E+00  1.1369E+00  8.9695E-01
  6.4340E-01  0.0000E+00  8.1552E-01  0.0000E+00  8.1552E-01  6.4340E-01
  4.6534E-01  0.0000E+00  5.8983E-01  0.0000E+00  5.8983E-01  4.6534E-01
  2.5417E-01  0.0000E+00  3.2216E-01  0.0000E+00  3.2216E-01  2.5417E-01
  1.9560E-01  0.0000E+00  2.4793E-01  0.0000E+00  2.4793E-01  1.9560E-01
  9.9889E-01  0.0000E+00  1.2661E+00  0.0000E+00  1.2661E+00  9.9889E-01
  1.7511E+00  0.0000E+00  2.2195E+00  0.0000E+00  2.2195E+00  1.7511E+00
  1.4936E+00  0.0000E+00  1.8931E+00  0.0000E+00  1.8931E+00  1.4936E+00
  1.0754E+00  0.0000E+00  1.3631E+00  0.0000E+00  1.3631E+00  1.0754E+00
  8.6934E-01  0.0000E+00  1.1019E+00  0.0000E+00  1.1019E+00  8.6934E-01
  2.1081E-01  0.0000E+00  2.6721E-01  0.0000E+00  2.6721E-01  2.1081E-01
  5.3816E-02  0.0000E+00  6.8213E-02  0.0000E+00  6.8213E-02  5.3816E-02
  5.6609E-01  0.0000E+00  7.1752E-01  0.0000E+00  7.1752E-01  5.6609E-01
  1.4338E+00  0.0000E+00  1.8174E+00  0.0000E+00  1.8174E+00  1.4338E+00
  1.5848E+00  0.0000E+00  2.0087E+00  0.0000E+00  2.0087E+00  1.5848E+00
  1.2328E+00  0.0000E+00  1.5626E+00  0.0000E+00  1.5626E+00  1.2328E+00
  1.4597E+00  0.0000E+00  1.8502E+00  0.0000E+00  1.8502E+00  1.4597E+00
  9.9778E-01  0.0000E+00  1.2647E+00  0.0000E+00  1.2647E+00  9.9778E-01
  5.3804E-01  0.0000E+00  6.8197E-01  0.0000E+00  6.8197E-01  5.3804E-01
  3.4325E-01  0.0000E+00  4.3507E-01  0.0000E+00  4.3507E-01  3.4325E-01
  2.5077E-01  0.0000E+00  3.1785E-01  0.0000E+00  3.1785E-01  2.5077E-01
  8.1530E-01  0.0000E+00  1.0334E+00  0.0000E+00  1.0334E+00  8.1530E-01
  2.2442E+00  0.0000E+00  2.8445E+00  0.0000E+00  2.8445E+00  2.2442E+00
  1.9676E+00  0.0000E+00  2.4939E+00  0.0000E+00  2.4939E+00  1.9676E+00
  1.2859E+00  0.0000E+00  1.6299E+00  0.0000E+00  1.6299E+00  1.2859E+00
  4.2262E-01  0.0000E+00  5.3568E-01  0.0000E+00  5.3568E-01  4.2262E-01
  9.0405E-02  0.0000E+00  1.1459E-01  0.0000E+00  1.1459E-01  9.0405E-02
  6.7281E-02  0.0000E+00  8.5280E-02  0.0000E+00  8.5280E-02  6.7281E-02
  1.2054E+00  0.0000E+00  1.5278E+00  0.0000E+00  1.5278E+00  1.2054E+00
  3.3993E+00  0.0000E+00  4.3087E+00  0.0000E+00  4.3087E+00  3.3993E+00
  2.9290E+00  0.0000E+00  3.7125E+00  0.0000E+00  3.7125E+00  2.9290E+00
  2.6191E+00  0.0000E+00  3.3198E+00  0.0000E+00  3.3198E+00  2.6191E+00
  1.2302E+00  0.0000E+00  1.5593E+00  0.0000E+00  1.5593E+00  1.2302E+00
  6.0597E-02  0.0000E+00  7.6807E-02  0.0000E+00  7.6807E-02  6.0597E-02
  9.1660E-02  0.0000E+00  1.1618E-01  0.0000E+00  1.1618E-01  9.1660E-02
  7.7598E-02  0.0000E+00  9.8357E-02  0.0000E+00  9.8357E-02  7.7598E-02
  8.4299E-02  0.0000E+00  1.0685E-01  0.0000E+00  1.0685E-01  8.4299E-02
  5.0666E-01  0.0000E+00  6.4220E-01  0.0000E+00  6.4220E-01  5.0666E-01
  1.9295E+00  0.0000E+00  2.4457E+00  0.0000E+00  2.4457E+00  1.9295E+00
  2.8330E+00  0.0000E+00  3.5908E+00  0.0000E+00  3.5908E+00  2.8330E+00
  3.2863E+00  0.0000E+00  4.1654E+00  0.0000E+00  4.1654E+00  3.2863E+00
  1.1305E+00  0.0000E+00  1.4329E+00  0.0000E+00  1.4329E+00  1.1305E+00
  5.7911E-01  0.0000E+00  7.3403E-01  0.0000E+00  7.3403E-01  5.7911E-01
  3.0184E-01  0.0000E+00  3.8258E-01  0.0000E+00  3.8258E-01  3.0184E-01
  1.3678E-01  0.0000E+00  1.7337E-01  0.0000E+00  1.7337E-01  1.3678E-01
  1.9238E-01  0.0000E+00  2.4384E-01  0.0000E+00  2.4384E-01  1.9238E-01
  2.5301E+00  0.0000E+00  3.2069E+00  0.0000E+00  3.2069E+00  2.5301E+00
  3.4025E+00  0.0000E+00  4.3127E+00  0.0000E+00  4.3127E+00  3.4025E+00
  3.5431E+00  0.0000E+00  4.4909E+00  0.0000E+00  4.4909E+00  3.5431E+00
  1.4338E+00  0.0000E+00  1.8174E+00  0.0000E+00  1.8174E+00  1.4338E+00
  3.7708E-01  0.0000E+00  4.7795E-01  0.0000E+00  4.7795E-01  3.7708E-01
  1.5694E-01  0.0000E+00  1.9892E-01  0.0000E+00  1.9892E-01  1.5694E-01
  1.1838E-01  0.0000E+00  1.5005E-01  0.0000E+00  1.5005E-01  1.1838E-01
  6.7594E-02  0.0000E+00  8.5676E-02  0.0000E+00  8.5676E-02  6.7594E-02
  7.7381E-02  0.0000E+00  9.8081E-02  0.0000E+00  9.8081E-02  7.7381E-02
  1.6188E+00  0.0000E+00  2.0518E+00  0.0000E+00  2.0518E+00  1.6188E+00
  2.3442E+00  0.0000E+00  2.9713E+00  0.0000E+00  2.9713E+00  2.3442E+00
  2.5467E+00  0.0000E+00  3.2280E+00  0.0000E+00  3.2280E+00  2.5467E+00
  1.4477E+00  0.0000E+00  1.8350E+00  0.0000E+00  1.8350E+00  1.4477E+00
  5.9510E-01  0.0000E+00  7.5430E-01  0.0000E+00  7.5430E-01  5.9510E-01
  4.8379E-01  0.0000E+00  6.1321E-01  0.0000E+00  6.1321E-01  4.8379E-01
  1.0705E-01  0.0000E+00  1.3569E-01  0.0000E+00  1.3569E-01  1.0705E-01
  2.6428E-01  0.0000E+00  3.3498E-01  0.0000E+00  3.3498E-01  2.6428E-01
  6.1262E-01  0.0000E+00  7.7650E-01  0.0000E+00  7.7650E-01  6.1262E-01
  1.3941E+00  0.0000E+00  1.7670E+00  0.0000E+00  1.7670E+00  1.3941E+00
  2.1519E+00  0.0000E+00  2.7276E+00  0.0000E+00  2.7276E+00  2.1519E+00
  1.6728E+00  0.0000E+00  2.1203E+00  0.0000E+00  2.1203E+00  1.6728E+00
  5.7148E-01  0.0000E+00  7.2436E-01  0.0000E+00  7.2436E-01  5.7148E-01
  7.1198E-01  0.0000E+00  9.0244E-01  0.0000E+00  9.0244E-01  7.1198E-01
  2.8890E-01  0.0000E+00  3.6619E-01  0.0000E+00  3.6619E-01  2.8890E-01
  1.8619E-01  0.0000E+00  2.3600E-01  0.0000E+00  2.3600E-01  1.8619E-01
  1.1193E-01  0.0000E+00  1.4187E-01  0.0000E+00  1.4187E-01  1.1193E-01
  4.9981E-01  0.0000E+00  6.3351E-01  0.0000E+00  6.3351E-01  4.9981E-01
  3.0679E+00  0.0000E+00  3.8886E+00  0.0000E+00  3.8886E+00  3.0679E+00
  2.4428E+00  0.0000E+00  3.0963E+00  0.0000E+00  3.0963E+00  2.4428E+00
  2.5621E+00  0.0000E+00  3.2475E+00  0.0000E+00  3.2475E+00  2.5621E+00
  1.5000E+00  0.0000E+00  1.9013E+00  0.0000E+00  1.9013E+00  1.5000E+00
  3.8490E-01  0.0000E+00  4.8786E-01  0.0000E+00  4.8786E-01  3.8490E-01
  2.6342E-01  0.0000E+00  3.3389E-01  0.0000E+00  3.3389E-01  2.6342E-01
  1.3435E-01  0.0000E+00  1.7029E-01  0.0000E+00  1.7029E-01  1.3435E-01
  1.4286E-01  0.0000E+00  1.8108E-01  0.0000E+00  1.8108E-01  1.4286E-01
  6.7932E-01  0.0000E+00  8.6104E-01  0.0000E+00  8.6104E-01  6.7932E-01
  2.9208E+00  0.0000E+00  3.7022E+00  0.0000E+00  3.7022E+00  2.9208E+00
  3.1210E+00  0.0000E+00  3.9559E+00  0.0000E+00  3.9559E+00  3.1210E+00
  2.5058E+00  0.0000E+00  3.1761E+00  0.0000E+00  3.1761E+00  2.5058E+00
  1.3053E+00  0.0000E+00  1.6545E+00  0.0000E+00  1.6545E+00  1.3053E+00
  3.4799E-01  0.0000E+00  4.4108E-01  0.0000E+00  4.4108E-01  3.4799E-01
  2.2476E-01  0.0000E+00  2.8489E-01  0.0000E+00  2.8489E-01  2.2476E-01
  2.4072E-01  0.0000E+00  3.0512E-01  0.0000E+00  3.0512E-01  2.4072E-01
  1.9656E-01  0.0000E+00  2.4914E-01  0.0000E+00  2.4914E-01  1.9656E-01
  5.4930E-01  0.0000E+00  6.9625E-01  0.0000E+00  6.9625E-01  5.4930E-01
  1.4297E+00  0.0000E+00  1.8122E+00  0.0000E+00  1.8122E+00  1.4297E+00
  1.9087E+00  0.0000E+00  2.4193E+00  0.0000E+00  2.4193E+00  1.9087E+00
  1.0927E+00  0.0000E+00  1.3850E+00  0.0000E+00  1.3850E+00  1.0927E+00
  4.8495E-01  0.0000E+00  6.1468E-01  0.0000E+00  6.1468E-01  4.8495E-01
  1.9016E-01  0.0000E+00  2.4103E-01  0.0000E+00  2.4103E-01  1.9016E-01
  7.6935E-02  0.0000E+00  9.7516E-02  0.0000E+00  9.7516E-02  7.6935E-02
  6.3159E-02  0.0000E+00  8.0055E-02  0.0000E+00  8.0055E-02  6.3159E-02
  5.1824E-02  0.0000E+00  6.5688E-02  0.0000E+00  6.5688E-02  5.1824E-02
