TABLE NO.  1
 KA          V2          CL          V3          Q           IPRED       DV          PRED        RES         WRES
  9.0000E-01  4.2000E+00  3.6000E+00  5.8100E+00  3.4400E+00  0.0000E+00  2.5706E-01  0.0000E+00  2.5706E-01  4.6772E-01
  9.0000E-01  4.2000E+00  3.6000E+00  5.8100E+00  3.4400E+00  0.0000E+00  7.0798E-01  0.0000E+00  7.0798E-01  1.2882E+00
  9.0000E-01  4.2000E+00  3.6000E+00  5.8100E+00  3.4400E+00  0.0000E+00  5.8570E-01  0.0000E+00  5.8570E-01  1.0657E+00
  9.0000E-01  4.2000E+00  3.6000E+00  5.8100E+00  3.4400E+00  0.0000E+00  6.4982E-01  0.0000E+00  6.4982E-01  1.1823E+00
  9.0000E-01  4.2000E+00  3.6000E+00  5.8100E+00  3.4400E+00  0.0000E+00  1.8526E-01  0.0000E+00  1.8526E-01  3.3708E-01
  9.0000E-01  4.2000E+00  3.6000E+00  5.8100E+00  3.4400E+00  0.0000E+00  8.6748E-02  0.0000E+00  8.6748E-02  1.5784E-01
  9.0000E-01  4.2000E+00  3.6000E+00  5.8100E+00  3.4400E+00  0.0000E+00  1.8008E-01  0.0000E+00  1.8008E-01  3.2766E-01
  9.0000E-01  4.2000E+00  3.6000E+00  5.8100E+00  3.4400E+00  0.0000E+00  1.9879E-01  0.0000E+00  1.9879E-01  3.6170E-01
  9.0000E-01  4.2000E+00  3.6000E+00  5.8100E+00  3.4400E+00  0.0000E+00  1.9367E-01  0.0000E+00  1.9367E-01  3.5238E-01
  9.0000E-01  4.2000E+00  3.6000E+00  5.8100E+00  3.4400E+00  0.0000E+00  2.1215E-01  0.0000E+00  2.1215E-01  3.8601E-01
  9.0000E-01  4.2000E+00  3.6000E+00  5.8100E+00  3.4400E+00  0.0000E+00  7.6733E-02  0.0000E+00  7.6733E-02  1.3962E-01
  9.0000E-01  4.2000E+00  3.6000E+00  5.8100E+00  3.4400E+00  0.0000E+00  1.7612E-01  0.0000E+00  1.7612E-01  3.2045E-01
  9.0000E-01  4.2000E+00  3.6000E+00  5.8100E+00  3.4400E+00  0.0000E+00  2.7860E-01  0.0000E+00  2.7860E-01  5.0691E-01
  9.0000E-01  4.2000E+00  3.6000E+00  5.8100E+00  3.4400E+00  0.0000E+00  1.9066E-01  0.0000E+00  1.9066E-01  3.4691E-01
  9.0000E-01  4.2000E+00  3.6000E+00  5.8100E+00  3.4400E+00  0.0000E+00  1.8520E-01  0.0000E+00  1.8520E-01  3.3697E-01
  9.0000E-01  4.2000E+00  3.6000E+00  5.8100E+00  3.4400E+00  0.0000E+00  5.5120E-02  0.0000E+00  5.5120E-02  1.0029E-01
  9.0000E-01  4.2000E+00  3.6000E+00  5.8100E+00  3.4400E+00  0.0000E+00  1.3855E-01  0.0000E+00  1.3855E-01  2.5209E-01
  9.0000E-01  4.2000E+00  3.6000E+00  5.8100E+00  3.4400E+00  0.0000E+00  1.6273E-01  0.0000E+00  1.6273E-01  2.9609E-01
  9.0000E-01  4.2000E+00  3.6000E+00  5.8100E+00  3.4400E+00  0.0000E+00  2.5910E-01  0.0000E+00  2.5910E-01  4.7143E-01
  9.0000E-01  4.2000E+00  3.6000E+00  5.8100E+00  3.4400E+00  0.0000E+00  6.4629E-02  0.0000E+00  6.4629E-02  1.1759E-01
  9.0000E-01  4.2000E+00  3.6000E+00  5.8100E+00  3.4400E+00  0.0000E+00  5.6887E-02  0.0000E+00  5.6887E-02  1.0351E-01
  9.0000E-01  4.2000E+00  3.6000E+00  5.8100E+00  3.4400E+00  0.0000E+00  1.1065E-01  0.0000E+00  1.1065E-01  2.0133E-01
  9.0000E-01  4.2000E+00  3.6000E+00  5.8100E+00  3.4400E+00  0.0000E+00  3.5931E-01  0.0000E+00  3.5931E-01  6.5376E-01
  9.0000E-01  4.2000E+00  3.6000E+00  5.8100E+00  3.4400E+00  0.0000E+00  2.0009E-01  0.0000E+00  2.0009E-01  3.6406E-01
  9.0000E-01  4.2000E+00  3.6000E+00  5.8100E+00  3.4400E+00  0.0000E+00  1.2642E-01  0.0000E+00  1.2642E-01  2.3002E-01
  9.0000E-01  4.2000E+00  3.6000E+00  5.8100E+00  3.4400E+00  0.0000E+00  7.3517E-02  0.0000E+00  7.3517E-02  1.3376E-01
  9.0000E-01  4.2000E+00  3.6000E+00  5.8100E+00  3.4400E+00  0.0000E+00  6.2952E-02  0.0000E+00  6.2952E-02  1.1454E-01
  9.0000E-01  4.2000E+00  3.6000E+00  5.8100E+00  3.4400E+00  0.0000E+00  6.8034E-02  0.0000E+00  6.8034E-02  1.2379E-01
  9.0000E-01  4.2000E+00  3.6000E+00  5.8100E+00  3.4400E+00  0.0000E+00  1.6596E-01  0.0000E+00  1.6596E-01  3.0196E-01
  9.0000E-01  4.2000E+00  3.6000E+00  5.8100E+00  3.4400E+00  0.0000E+00  2.0658E-01  0.0000E+00  2.0658E-01  3.7587E-01
  9.0000E-01  4.2000E+00  3.6000E+00  5.8100E+00  3.4400E+00  0.0000E+00  3.1463E-01  0.0000E+00  3.1463E-01  5.7247E-01
  9.0000E-01  4.2000E+00  3.6000E+00  5.8100E+00  3.4400E+00  0.0000E+00  5.5850E-02  0.0000E+00  5.5850E-02  1.0162E-01
  9.0000E-01  4.2000E+00  3.6000E+00  5.8100E+00  3.4400E+00  0.0000E+00  1.9210E-01  0.0000E+00  1.9210E-01  3.4953E-01
  9.0000E-01  4.2000E+00  3.6000E+00  5.8100E+00  3.4400E+00  0.0000E+00  2.3065E-01  0.0000E+00  2.3065E-01  4.1967E-01
  9.0000E-01  4.2000E+00  3.6000E+00  5.8100E+00  3.4400E+00  0.0000E+00  1.7834E-01  0.0000E+00  1.7834E-01  3.2449E-01
  9.0000E-01  4.2000E+00  3.6000E+00  5.8100E+00  3.4400E+00  0.0000E+00  8.0614E-02  0.0000E+00  8.0614E-02  1.4668E-01
  9.0000E-01  4.2000E+00  3.6000E+00  5.8100E+00  3.4400E+00  0.0000E+00  1.3245E-01  0.0000E+00  1.3245E-01  2.4099E-01
  9.0000E-01  4.2000E+00  3.6000E+00  5.8100E+00  3.4400E+00  0.0000E+00  1.0025E-01  0.0000E+00  1.0025E-01  1.8240E-01
  9.0000E-01  4.2000E+00  3.6000E+00  5.8100E+00  3.4400E+00  0.0000E+00  3.1455E-01  0.0000E+00  3.1455E-01  5.7232E-01
  9.0000E-01  4.2000E+00  3.6000E+00  5.8100E+00  3.4400E+00  0.0000E+00  2.3572E-01  0.0000E+00  2.3572E-01  4.2889E-01
  9.0000E-01  4.2000E+00  3.6000E+00  5.8100E+00  3.4400E+00  0.0000E+00  2.5946E-01  0.0000E+00  2.5946E-01  4.7209E-01
  9.0000E-01  4.2000E+00  3.6000E+00  5.8100E+00  3.4400E+00  0.0000E+00  1.3295E-01  0.0000E+00  1.3295E-01  2.4190E-01
  9.0000E-01  4.2000E+00  3.6000E+00  5.8100E+00  3.4400E+00  0.0000E+00  1.2596E-01  0.0000E+00  1.2596E-01  2.2918E-01
  9.0000E-01  4.2000E+00  3.6000E+00  5.8100E+00  3.4400E+00  0.0000E+00  7.1785E-02  0.0000E+00  7.1785E-02  1.3061E-01
  9.0000E-01  4.2000E+00  3.6000E+00  5.8100E+00  3.4400E+00  0.0000E+00  5.2102E-02  0.0000E+00  5.2102E-02  9.4799E-02
  9.0000E-01  4.2000E+00  3.6000E+00  5.8100E+00  3.4400E+00  0.0000E+00  1.2016E-01  0.0000E+00  1.2016E-01  2.1863E-01
  9.0000E-01  4.2000E+00  3.6000E+00  5.8100E+00  3.4400E+00  0.0000E+00  3.6903E-01  0.0000E+00  3.6903E-01  6.7145E-01
  9.0000E-01  4.2000E+00  3.6000E+00  5.8100E+00  3.4400E+00  0.0000E+00  3.8870E-01  0.0000E+00  3.8870E-01  7.0724E-01
  9.0000E-01  4.2000E+00  3.6000E+00  5.8100E+00  3.4400E+00  0.0000E+00  1.9279E-01  0.0000E+00  1.9279E-01  3.5078E-01
  9.0000E-01  4.2000E+00  3.6000E+00  5.8100E+00  3.4400E+00  0.0000E+00  1.9117E-01  0.0000E+00  1.9117E-01  3.4783E-01
  9.0000E-01  4.2000E+00  3.6000E+00  5.8100E+00  3.4400E+00  0.0000E+00  8.7244E-02  0.0000E+00  8.7244E-02  1.5874E-01
  9.0000E-01  4.2000E+00  3.6000E+00  5.8100E+00  3.4400E+00  0.0000E+00  1.2057E-01  0.0000E+00  1.2057E-01  2.1938E-01
  9.0000E-01  4.2000E+00  3.6000E+00  5.8100E+00  3.4400E+00  0.0000E+00  2.0807E-01  0.0000E+00  2.0807E-01  3.7858E-01
  9.0000E-01  4.2000E+00  3.6000E+00  5.8100E+00  3.4400E+00  0.0000E+00  1.1653E-01  0.0000E+00  1.1653E-01  2.1203E-01
  9.0000E-01  4.2000E+00  3.6000E+00  5.8100E+00  3.4400E+00  0.0000E+00  9.7987E-02  0.0000E+00  9.7987E-02  1.7829E-01
  9.0000E-01  4.2000E+00  3.6000E+00  5.8100E+00  3.4400E+00  0.0000E+00  6.8493E-02  0.0000E+00  6.8493E-02  1.2462E-01
  9.0000E-01  4.2000E+00  3.6000E+00  5.8100E+00  3.4400E+00  0.0000E+00  2.9452E-01  0.0000E+00  2.9452E-01  5.3588E-01
  9.0000E-01  4.2000E+00  3.6000E+00  5.8100E+00  3.4400E+00  0.0000E+00  3.8954E-01  0.0000E+00  3.8954E-01  7.0877E-01
  9.0000E-01  4.2000E+00  3.6000E+00  5.8100E+00  3.4400E+00  0.0000E+00  1.8790E-01  0.0000E+00  1.8790E-01  3.4188E-01
  9.0000E-01  4.2000E+00  3.6000E+00  5.8100E+00  3.4400E+00  0.0000E+00  1.3172E-01  0.0000E+00  1.3172E-01  2.3966E-01
  9.0000E-01  4.2000E+00  3.6000E+00  5.8100E+00  3.4400E+00  0.0000E+00  1.8039E-01  0.0000E+00  1.8039E-01  3.2822E-01
  9.0000E-01  4.2000E+00  3.6000E+00  5.8100E+00  3.4400E+00  0.0000E+00  4.5544E-01  0.0000E+00  4.5544E-01  8.2867E-01
  9.0000E-01  4.2000E+00  3.6000E+00  5.8100E+00  3.4400E+00  0.0000E+00  5.3140E-01  0.0000E+00  5.3140E-01  9.6688E-01
  9.0000E-01  4.2000E+00  3.6000E+00  5.8100E+00  3.4400E+00  0.0000E+00  3.1196E-01  0.0000E+00  3.1196E-01  5.6761E-01
  9.0000E-01  4.2000E+00  3.6000E+00  5.8100E+00  3.4400E+00  0.0000E+00  1.4115E-01  0.0000E+00  1.4115E-01  2.5682E-01
  9.0000E-01  4.2000E+00  3.6000E+00  5.8100E+00  3.4400E+00  0.0000E+00  1.5180E-01  0.0000E+00  1.5180E-01  2.7620E-01
  9.0000E-01  4.2000E+00  3.6000E+00  5.8100E+00  3.4400E+00  0.0000E+00  1.6490E-01  0.0000E+00  1.6490E-01  3.0004E-01
  9.0000E-01  4.2000E+00  3.6000E+00  5.8100E+00  3.4400E+00  0.0000E+00  1.7894E-01  0.0000E+00  1.7894E-01  3.2558E-01
  9.0000E-01  4.2000E+00  3.6000E+00  5.8100E+00  3.4400E+00  0.0000E+00  1.0985E-01  0.0000E+00  1.0985E-01  1.9987E-01
  9.0000E-01  4.2000E+00  3.6000E+00  5.8100E+00  3.4400E+00  0.0000E+00  1.0832E-01  0.0000E+00  1.0832E-01  1.9709E-01
  9.0000E-01  4.2000E+00  3.6000E+00  5.8100E+00  3.4400E+00  0.0000E+00  9.2176E-02  0.0000E+00  9.2176E-02  1.6771E-01
  9.0000E-01  4.2000E+00  3.6000E+00  5.8100E+00  3.4400E+00  0.0000E+00  5.5384E-02  0.0000E+00  5.5384E-02  1.0077E-01
  9.0000E-01  4.2000E+00  3.6000E+00  5.8100E+00  3.4400E+00  0.0000E+00  1.6038E-01  0.0000E+00  1.6038E-01  2.9181E-01
  9.0000E-01  4.2000E+00  3.6000E+00  5.8100E+00  3.4400E+00  0.0000E+00  2.1547E-01  0.0000E+00  2.1547E-01  3.9205E-01
  9.0000E-01  4.2000E+00  3.6000E+00  5.8100E+00  3.4400E+00  0.0000E+00  1.7339E-01  0.0000E+00  1.7339E-01  3.1548E-01
  9.0000E-01  4.2000E+00  3.6000E+00  5.8100E+00  3.4400E+00  0.0000E+00  1.6116E-01  0.0000E+00  1.6116E-01  2.9323E-01
  9.0000E-01  4.2000E+00  3.6000E+00  5.8100E+00  3.4400E+00  0.0000E+00  8.0437E-02  0.0000E+00  8.0437E-02  1.4635E-01
  9.0000E-01  4.2000E+00  3.6000E+00  5.8100E+00  3.4400E+00  0.0000E+00  2.1545E-01  0.0000E+00  2.1545E-01  3.9201E-01
  9.0000E-01  4.2000E+00  3.6000E+00  5.8100E+00  3.4400E+00  0.0000E+00  2.1836E-01  0.0000E+00  2.1836E-01  3.9731E-01
  9.0000E-01  4.2000E+00  3.6000E+00  5.8100E+00  3.4400E+00  0.0000E+00  5.6205E-01  0.0000E+00  5.6205E-01  1.0226E+00
  9.0000E-01  4.2000E+00  3.6000E+00  5.8100E+00  3.4400E+00  0.0000E+00  4.9329E-01  0.0000E+00  4.9329E-01  8.9754E-01
  9.0000E-01  4.2000E+00  3.6000E+00  5.8100E+00  3.4400E+00  0.0000E+00  1.0610E-01  0.0000E+00  1.0610E-01  1.9305E-01
  9.0000E-01  4.2000E+00  3.6000E+00  5.8100E+00  3.4400E+00  0.0000E+00  1.6255E-01  0.0000E+00  1.6255E-01  2.9576E-01
  9.0000E-01  4.2000E+00  3.6000E+00  5.8100E+00  3.4400E+00  0.0000E+00  1.4393E-01  0.0000E+00  1.4393E-01  2.6188E-01
  9.0000E-01  4.2000E+00  3.6000E+00  5.8100E+00  3.4400E+00  0.0000E+00  1.6918E-01  0.0000E+00  1.6918E-01  3.0782E-01
  9.0000E-01  4.2000E+00  3.6000E+00  5.8100E+00  3.4400E+00  0.0000E+00  8.5107E-02  0.0000E+00  8.5107E-02  1.5485E-01
  9.0000E-01  4.2000E+00  3.6000E+00  5.8100E+00  3.4400E+00  0.0000E+00  2.2446E-01  0.0000E+00  2.2446E-01  4.0840E-01
  9.0000E-01  4.2000E+00  3.6000E+00  5.8100E+00  3.4400E+00  0.0000E+00  2.3832E-01  0.0000E+00  2.3832E-01  4.3362E-01
  9.0000E-01  4.2000E+00  3.6000E+00  5.8100E+00  3.4400E+00  0.0000E+00  2.7753E-01  0.0000E+00  2.7753E-01  5.0497E-01
  9.0000E-01  4.2000E+00  3.6000E+00  5.8100E+00  3.4400E+00  0.0000E+00  5.0193E-02  0.0000E+00  5.0193E-02  9.1326E-02
  9.0000E-01  4.2000E+00  3.6000E+00  5.8100E+00  3.4400E+00  0.0000E+00  2.2912E-01  0.0000E+00  2.2912E-01  4.1688E-01
  9.0000E-01  4.2000E+00  3.6000E+00  5.8100E+00  3.4400E+00  0.0000E+00  1.9435E-01  0.0000E+00  1.9435E-01  3.5362E-01
  9.0000E-01  4.2000E+00  3.6000E+00  5.8100E+00  3.4400E+00  0.0000E+00  8.7053E-02  0.0000E+00  8.7053E-02  1.5839E-01
  9.0000E-01  4.2000E+00  3.6000E+00  5.8100E+00  3.4400E+00  0.0000E+00  1.7250E-01  0.0000E+00  1.7250E-01  3.1386E-01
  9.0000E-01  4.2000E+00  3.6000E+00  5.8100E+00  3.4400E+00  0.0000E+00  7.8384E-02  0.0000E+00  7.8384E-02  1.4262E-01
  9.0000E-01  4.2000E+00  3.6000E+00  5.8100E+00  3.4400E+00  0.0000E+00  2.0317E-01  0.0000E+00  2.0317E-01  3.6967E-01
  9.0000E-01  4.2000E+00  3.6000E+00  5.8100E+00  3.4400E+00  0.0000E+00  1.2709E-01  0.0000E+00  1.2709E-01  2.3124E-01
  9.0000E-01  4.2000E+00  3.6000E+00  5.8100E+00  3.4400E+00  0.0000E+00  1.9622E-01  0.0000E+00  1.9622E-01  3.5702E-01
  9.0000E-01  4.2000E+00  3.6000E+00  5.8100E+00  3.4400E+00  0.0000E+00  1.7164E-01  0.0000E+00  1.7164E-01  3.1230E-01
  9.0000E-01  4.2000E+00  3.6000E+00  5.8100E+00  3.4400E+00  0.0000E+00  1.4549E-01  0.0000E+00  1.4549E-01  2.6472E-01
  9.0000E-01  4.2000E+00  3.6000E+00  5.8100E+00  3.4400E+00  0.0000E+00  6.7660E-02  0.0000E+00  6.7660E-02  1.2311E-01
  9.0000E-01  4.2000E+00  3.6000E+00  5.8100E+00  3.4400E+00  0.0000E+00  1.9189E-01  0.0000E+00  1.9189E-01  3.4914E-01
  9.0000E-01  4.2000E+00  3.6000E+00  5.8100E+00  3.4400E+00  0.0000E+00  2.7813E-01  0.0000E+00  2.7813E-01  5.0606E-01
  9.0000E-01  4.2000E+00  3.6000E+00  5.8100E+00  3.4400E+00  0.0000E+00  2.4317E-01  0.0000E+00  2.4317E-01  4.4245E-01
  9.0000E-01  4.2000E+00  3.6000E+00  5.8100E+00  3.4400E+00  0.0000E+00  2.3811E-01  0.0000E+00  2.3811E-01  4.3324E-01
  9.0000E-01  4.2000E+00  3.6000E+00  5.8100E+00  3.4400E+00  0.0000E+00  1.1589E-01  0.0000E+00  1.1589E-01  2.1086E-01
  9.0000E-01  4.2000E+00  3.6000E+00  5.8100E+00  3.4400E+00  0.0000E+00  1.1723E-01  0.0000E+00  1.1723E-01  2.1330E-01
  9.0000E-01  4.2000E+00  3.6000E+00  5.8100E+00  3.4400E+00  0.0000E+00  5.3593E-01  0.0000E+00  5.3593E-01  9.7512E-01
  9.0000E-01  4.2000E+00  3.6000E+00  5.8100E+00  3.4400E+00  0.0000E+00  4.9724E-01  0.0000E+00  4.9724E-01  9.0473E-01
  9.0000E-01  4.2000E+00  3.6000E+00  5.8100E+00  3.4400E+00  0.0000E+00  3.2097E-01  0.0000E+00  3.2097E-01  5.8400E-01
  9.0000E-01  4.2000E+00  3.6000E+00  5.8100E+00  3.4400E+00  0.0000E+00  1.2996E-01  0.0000E+00  1.2996E-01  2.3646E-01
  9.0000E-01  4.2000E+00  3.6000E+00  5.8100E+00  3.4400E+00  0.0000E+00  1.7008E-01  0.0000E+00  1.7008E-01  3.0946E-01
  9.0000E-01  4.2000E+00  3.6000E+00  5.8100E+00  3.4400E+00  0.0000E+00  3.6436E-01  0.0000E+00  3.6436E-01  6.6295E-01
  9.0000E-01  4.2000E+00  3.6000E+00  5.8100E+00  3.4400E+00  0.0000E+00  4.1501E-01  0.0000E+00  4.1501E-01  7.5511E-01
  9.0000E-01  4.2000E+00  3.6000E+00  5.8100E+00  3.4400E+00  0.0000E+00  3.1444E-01  0.0000E+00  3.1444E-01  5.7212E-01
  9.0000E-01  4.2000E+00  3.6000E+00  5.8100E+00  3.4400E+00  0.0000E+00  1.3989E-01  0.0000E+00  1.3989E-01  2.5453E-01
  9.0000E-01  4.2000E+00  3.6000E+00  5.8100E+00  3.4400E+00  0.0000E+00  6.5395E-02  0.0000E+00  6.5395E-02  1.1899E-01
  9.0000E-01  4.2000E+00  3.6000E+00  5.8100E+00  3.4400E+00  0.0000E+00  1.5112E-01  0.0000E+00  1.5112E-01  2.7496E-01
  9.0000E-01  4.2000E+00  3.6000E+00  5.8100E+00  3.4400E+00  0.0000E+00  4.2257E-01  0.0000E+00  4.2257E-01  7.6887E-01
  9.0000E-01  4.2000E+00  3.6000E+00  5.8100E+00  3.4400E+00  0.0000E+00  3.9695E-01  0.0000E+00  3.9695E-01  7.2225E-01
  9.0000E-01  4.2000E+00  3.6000E+00  5.8100E+00  3.4400E+00  0.0000E+00  2.7912E-01  0.0000E+00  2.7912E-01  5.0786E-01
  9.0000E-01  4.2000E+00  3.6000E+00  5.8100E+00  3.4400E+00  0.0000E+00  2.3177E-01  0.0000E+00  2.3177E-01  4.2171E-01
  9.0000E-01  4.2000E+00  3.6000E+00  5.8100E+00  3.4400E+00  0.0000E+00  1.6338E-01  0.0000E+00  1.6338E-01  2.9727E-01
  9.0000E-01  4.2000E+00  3.6000E+00  5.8100E+00  3.4400E+00  0.0000E+00  1.1719E-01  0.0000E+00  1.1719E-01  2.1323E-01
  9.0000E-01  4.2000E+00  3.6000E+00  5.8100E+00  3.4400E+00  0.0000E+00  3.6980E-01  0.0000E+00  3.6980E-01  6.7285E-01
  9.0000E-01  4.2000E+00  3.6000E+00  5.8100E+00  3.4400E+00  0.0000E+00  1.7491E-01  0.0000E+00  1.7491E-01  3.1825E-01
  9.0000E-01  4.2000E+00  3.6000E+00  5.8100E+00  3.4400E+00  0.0000E+00  5.3930E-02  0.0000E+00  5.3930E-02  9.8126E-02
  9.0000E-01  4.2000E+00  3.6000E+00  5.8100E+00  3.4400E+00  0.0000E+00  2.3465E-01  0.0000E+00  2.3465E-01  4.2695E-01
  9.0000E-01  4.2000E+00  3.6000E+00  5.8100E+00  3.4400E+00  0.0000E+00  3.1535E-01  0.0000E+00  3.1535E-01  5.7378E-01
  9.0000E-01  4.2000E+00  3.6000E+00  5.8100E+00  3.4400E+00  0.0000E+00  1.9010E-01  0.0000E+00  1.9010E-01  3.4589E-01
  9.0000E-01  4.2000E+00  3.6000E+00  5.8100E+00  3.4400E+00  0.0000E+00  7.3228E-02  0.0000E+00  7.3228E-02  1.3324E-01
  9.0000E-01  4.2000E+00  3.6000E+00  5.8100E+00  3.4400E+00  0.0000E+00  1.2818E-01  0.0000E+00  1.2818E-01  2.3322E-01
  9.0000E-01  4.2000E+00  3.6000E+00  5.8100E+00  3.4400E+00  0.0000E+00  1.9893E-01  0.0000E+00  1.9893E-01  3.6195E-01
  9.0000E-01  4.2000E+00  3.6000E+00  5.8100E+00  3.4400E+00  0.0000E+00  1.8766E-01  0.0000E+00  1.8766E-01  3.4145E-01
  9.0000E-01  4.2000E+00  3.6000E+00  5.8100E+00  3.4400E+00  0.0000E+00  6.9117E-02  0.0000E+00  6.9117E-02  1.2576E-01
  9.0000E-01  4.2000E+00  3.6000E+00  5.8100E+00  3.4400E+00  0.0000E+00  8.3666E-02  0.0000E+00  8.3666E-02  1.5223E-01
  9.0000E-01  4.2000E+00  3.6000E+00  5.8100E+00  3.4400E+00  0.0000E+00  1.5478E-01  0.0000E+00  1.5478E-01  2.8162E-01
  9.0000E-01  4.2000E+00  3.6000E+00  5.8100E+00  3.4400E+00  0.0000E+00  6.3504E-02  0.0000E+00  6.3504E-02  1.1555E-01
  9.0000E-01  4.2000E+00  3.6000E+00  5.8100E+00  3.4400E+00  0.0000E+00  8.5747E-02  0.0000E+00  8.5747E-02  1.5602E-01
  9.0000E-01  4.2000E+00  3.6000E+00  5.8100E+00  3.4400E+00  0.0000E+00  5.2503E-02  0.0000E+00  5.2503E-02  9.5529E-02
  9.0000E-01  4.2000E+00  3.6000E+00  5.8100E+00  3.4400E+00  0.0000E+00  1.1687E-01  0.0000E+00  1.1687E-01  2.1264E-01
  9.0000E-01  4.2000E+00  3.6000E+00  5.8100E+00  3.4400E+00  0.0000E+00  1.9397E-01  0.0000E+00  1.9397E-01  3.5293E-01
  9.0000E-01  4.2000E+00  3.6000E+00  5.8100E+00  3.4400E+00  0.0000E+00  1.9485E-01  0.0000E+00  1.9485E-01  3.5453E-01
  9.0000E-01  4.2000E+00  3.6000E+00  5.8100E+00  3.4400E+00  0.0000E+00  5.0287E-02  0.0000E+00  5.0287E-02  9.1497E-02
  9.0000E-01  4.2000E+00  3.6000E+00  5.8100E+00  3.4400E+00  0.0000E+00  1.0055E-01  0.0000E+00  1.0055E-01  1.8295E-01
  9.0000E-01  4.2000E+00  3.6000E+00  5.8100E+00  3.4400E+00  0.0000E+00  2.0976E-01  0.0000E+00  2.0976E-01  3.8166E-01
  9.0000E-01  4.2000E+00  3.6000E+00  5.8100E+00  3.4400E+00  0.0000E+00  3.3665E-01  0.0000E+00  3.3665E-01  6.1253E-01
  9.0000E-01  4.2000E+00  3.6000E+00  5.8100E+00  3.4400E+00  0.0000E+00  1.1558E-01  0.0000E+00  1.1558E-01  2.1030E-01
  9.0000E-01  4.2000E+00  3.6000E+00  5.8100E+00  3.4400E+00  0.0000E+00  1.2248E-01  0.0000E+00  1.2248E-01  2.2285E-01
  9.0000E-01  4.2000E+00  3.6000E+00  5.8100E+00  3.4400E+00  0.0000E+00  5.6566E-02  0.0000E+00  5.6566E-02  1.0292E-01
  9.0000E-01  4.2000E+00  3.6000E+00  5.8100E+00  3.4400E+00  0.0000E+00  7.2752E-02  0.0000E+00  7.2752E-02  1.3237E-01
  9.0000E-01  4.2000E+00  3.6000E+00  5.8100E+00  3.4400E+00  0.0000E+00  1.8071E-01  0.0000E+00  1.8071E-01  3.2880E-01
  9.0000E-01  4.2000E+00  3.6000E+00  5.8100E+00  3.4400E+00  0.0000E+00  8.6114E-02  0.0000E+00  8.6114E-02  1.5668E-01
  9.0000E-01  4.2000E+00  3.6000E+00  5.8100E+00  3.4400E+00  0.0000E+00  6.6699E-02  0.0000E+00  6.6699E-02  1.2136E-01
  9.0000E-01  4.2000E+00  3.6000E+00  5.8100E+00  3.4400E+00  0.0000E+00  1.3774E-01  0.0000E+00  1.3774E-01  2.5062E-01
  9.0000E-01  4.2000E+00  3.6000E+00  5.8100E+00  3.4400E+00  0.0000E+00  7.1078E-02  0.0000E+00  7.1078E-02  1.2933E-01
  9.0000E-01  4.2000E+00  3.6000E+00  5.8100E+00  3.4400E+00  0.0000E+00  6.9813E-01  0.0000E+00  6.9813E-01  1.2702E+00
  9.0000E-01  4.2000E+00  3.6000E+00  5.8100E+00  3.4400E+00  0.0000E+00  1.2559E+00  0.0000E+00  1.2559E+00  2.2851E+00
  9.0000E-01  4.2000E+00  3.6000E+00  5.8100E+00  3.4400E+00  0.0000E+00  1.1848E+00  0.0000E+00  1.1848E+00  2.1557E+00
  9.0000E-01  4.2000E+00  3.6000E+00  5.8100E+00  3.4400E+00  0.0000E+00  4.3703E-01  0.0000E+00  4.3703E-01  7.9518E-01
  9.0000E-01  4.2000E+00  3.6000E+00  5.8100E+00  3.4400E+00  0.0000E+00  1.3704E-01  0.0000E+00  1.3704E-01  2.4934E-01
  9.0000E-01  4.2000E+00  3.6000E+00  5.8100E+00  3.4400E+00  0.0000E+00  1.0741E-01  0.0000E+00  1.0741E-01  1.9543E-01
  9.0000E-01  4.2000E+00  3.6000E+00  5.8100E+00  3.4400E+00  0.0000E+00  6.0968E-02  0.0000E+00  6.0968E-02  1.1093E-01
  9.0000E-01  4.2000E+00  3.6000E+00  5.8100E+00  3.4400E+00  0.0000E+00  2.4245E-01  0.0000E+00  2.4245E-01  4.4114E-01
  9.0000E-01  4.2000E+00  3.6000E+00  5.8100E+00  3.4400E+00  0.0000E+00  3.6640E-01  0.0000E+00  3.6640E-01  6.6666E-01
  9.0000E-01  4.2000E+00  3.6000E+00  5.8100E+00  3.4400E+00  0.0000E+00  8.1816E-01  0.0000E+00  8.1816E-01  1.4886E+00
  9.0000E-01  4.2000E+00  3.6000E+00  5.8100E+00  3.4400E+00  0.0000E+00  6.1674E-01  0.0000E+00  6.1674E-01  1.1222E+00
  9.0000E-01  4.2000E+00  3.6000E+00  5.8100E+00  3.4400E+00  0.0000E+00  5.7963E-01  0.0000E+00  5.7963E-01  1.0546E+00
  9.0000E-01  4.2000E+00  3.6000E+00  5.8100E+00  3.4400E+00  0.0000E+00  9.6130E-02  0.0000E+00  9.6130E-02  1.7491E-01
  9.0000E-01  4.2000E+00  3.6000E+00  5.8100E+00  3.4400E+00  0.0000E+00  1.4476E-01  0.0000E+00  1.4476E-01  2.6339E-01
  9.0000E-01  4.2000E+00  3.6000E+00  5.8100E+00  3.4400E+00  0.0000E+00  7.7275E-02  0.0000E+00  7.7275E-02  1.4060E-01
  9.0000E-01  4.2000E+00  3.6000E+00  5.8100E+00  3.4400E+00  0.0000E+00  4.1137E-01  0.0000E+00  4.1137E-01  7.4849E-01
  9.0000E-01  4.2000E+00  3.6000E+00  5.8100E+00  3.4400E+00  0.0000E+00  1.2466E+00  0.0000E+00  1.2466E+00  2.2682E+00
  9.0000E-01  4.2000E+00  3.6000E+00  5.8100E+00  3.4400E+00  0.0000E+00  6.7687E-01  0.0000E+00  6.7687E-01  1.2316E+00
  9.0000E-01  4.2000E+00  3.6000E+00  5.8100E+00  3.4400E+00  0.0000E+00  5.4053E-01  0.0000E+00  5.4053E-01  9.8349E-01
  9.0000E-01  4.2000E+00  3.6000E+00  5.8100E+00  3.4400E+00  0.0000E+00  2.2388E-01  0.0000E+00  2.2388E-01  4.0735E-01
  9.0000E-01  4.2000E+00  3.6000E+00  5.8100E+00  3.4400E+00  0.0000E+00  1.5922E-01  0.0000E+00  1.5922E-01  2.8970E-01
  9.0000E-01  4.2000E+00  3.6000E+00  5.8100E+00  3.4400E+00  0.0000E+00  8.5794E-02  0.0000E+00  8.5794E-02  1.5610E-01
  9.0000E-01  4.2000E+00  3.6000E+00  5.8100E+00  3.4400E+00  0.0000E+00  5.8996E-02  0.0000E+00  5.8996E-02  1.0734E-01
  9.0000E-01  4.2000E+00  3.6000E+00  5.8100E+00  3.4400E+00  0.0000E+00  1.8570E-01  0.0000E+00  1.8570E-01  3.3788E-01
  9.0000E-01  4.2000E+00  3.6000E+00  5.8100E+00  3.4400E+00  0.0000E+00  7.8420E-01  0.0000E+00  7.8420E-01  1.4269E+00
  9.0000E-01  4.2000E+00  3.6000E+00  5.8100E+00  3.4400E+00  0.0000E+00  9.2287E-01  0.0000E+00  9.2287E-01  1.6792E+00
  9.0000E-01  4.2000E+00  3.6000E+00  5.8100E+00  3.4400E+00  0.0000E+00  8.9822E-01  0.0000E+00  8.9822E-01  1.6343E+00
  9.0000E-01  4.2000E+00  3.6000E+00  5.8100E+00  3.4400E+00  0.0000E+00  4.1685E-01  0.0000E+00  4.1685E-01  7.5846E-01
  9.0000E-01  4.2000E+00  3.6000E+00  5.8100E+00  3.4400E+00  0.0000E+00  1.6721E-01  0.0000E+00  1.6721E-01  3.0424E-01
  9.0000E-01  4.2000E+00  3.6000E+00  5.8100E+00  3.4400E+00  0.0000E+00  6.9434E-02  0.0000E+00  6.9434E-02  1.2634E-01
  9.0000E-01  4.2000E+00  3.6000E+00  5.8100E+00  3.4400E+00  0.0000E+00  5.5867E-02  0.0000E+00  5.5867E-02  1.0165E-01
  9.0000E-01  4.2000E+00  3.6000E+00  5.8100E+00  3.4400E+00  0.0000E+00  4.1915E-01  0.0000E+00  4.1915E-01  7.6264E-01
  9.0000E-01  4.2000E+00  3.6000E+00  5.8100E+00  3.4400E+00  0.0000E+00  1.4710E+00  0.0000E+00  1.4710E+00  2.6765E+00
  9.0000E-01  4.2000E+00  3.6000E+00  5.8100E+00  3.4400E+00  0.0000E+00  8.2051E-01  0.0000E+00  8.2051E-01  1.4929E+00
  9.0000E-01  4.2000E+00  3.6000E+00  5.8100E+00  3.4400E+00  0.0000E+00  1.0833E+00  0.0000E+00  1.0833E+00  1.9711E+00
  9.0000E-01  4.2000E+00  3.6000E+00  5.8100E+00  3.4400E+00  0.0000E+00  5.1144E-01  0.0000E+00  5.1144E-01  9.3056E-01
  9.0000E-01  4.2000E+00  3.6000E+00  5.8100E+00  3.4400E+00  0.0000E+00  2.8799E-01  0.0000E+00  2.8799E-01  5.2400E-01
  9.0000E-01  4.2000E+00  3.6000E+00  5.8100E+00  3.4400E+00  0.0000E+00  1.4043E-01  0.0000E+00  1.4043E-01  2.5551E-01
  9.0000E-01  4.2000E+00  3.6000E+00  5.8100E+00  3.4400E+00  0.0000E+00  1.2127E-01  0.0000E+00  1.2127E-01  2.2065E-01
  9.0000E-01  4.2000E+00  3.6000E+00  5.8100E+00  3.4400E+00  0.0000E+00  1.0272E-01  0.0000E+00  1.0272E-01  1.8690E-01
  9.0000E-01  4.2000E+00  3.6000E+00  5.8100E+00  3.4400E+00  0.0000E+00  1.0148E+00  0.0000E+00  1.0148E+00  1.8464E+00
  9.0000E-01  4.2000E+00  3.6000E+00  5.8100E+00  3.4400E+00  0.0000E+00  1.5490E+00  0.0000E+00  1.5490E+00  2.8184E+00
  9.0000E-01  4.2000E+00  3.6000E+00  5.8100E+00  3.4400E+00  0.0000E+00  1.4027E+00  0.0000E+00  1.4027E+00  2.5522E+00
  9.0000E-01  4.2000E+00  3.6000E+00  5.8100E+00  3.4400E+00  0.0000E+00  1.2307E+00  0.0000E+00  1.2307E+00  2.2393E+00
  9.0000E-01  4.2000E+00  3.6000E+00  5.8100E+00  3.4400E+00  0.0000E+00  3.7568E-01  0.0000E+00  3.7568E-01  6.8355E-01
  9.0000E-01  4.2000E+00  3.6000E+00  5.8100E+00  3.4400E+00  0.0000E+00  1.4147E-01  0.0000E+00  1.4147E-01  2.5740E-01
  9.0000E-01  4.2000E+00  3.6000E+00  5.8100E+00  3.4400E+00  0.0000E+00  7.8357E-02  0.0000E+00  7.8357E-02  1.4257E-01
  9.0000E-01  4.2000E+00  3.6000E+00  5.8100E+00  3.4400E+00  0.0000E+00  3.4041E-01  0.0000E+00  3.4041E-01  6.1938E-01
  9.0000E-01  4.2000E+00  3.6000E+00  5.8100E+00  3.4400E+00  0.0000E+00  3.9846E-01  0.0000E+00  3.9846E-01  7.2500E-01
  9.0000E-01  4.2000E+00  3.6000E+00  5.8100E+00  3.4400E+00  0.0000E+00  7.6960E-01  0.0000E+00  7.6960E-01  1.4003E+00
  9.0000E-01  4.2000E+00  3.6000E+00  5.8100E+00  3.4400E+00  0.0000E+00  1.0476E+00  0.0000E+00  1.0476E+00  1.9061E+00
  9.0000E-01  4.2000E+00  3.6000E+00  5.8100E+00  3.4400E+00  0.0000E+00  8.1882E-01  0.0000E+00  8.1882E-01  1.4898E+00
  9.0000E-01  4.2000E+00  3.6000E+00  5.8100E+00  3.4400E+00  0.0000E+00  3.6466E-01  0.0000E+00  3.6466E-01  6.6350E-01
  9.0000E-01  4.2000E+00  3.6000E+00  5.8100E+00  3.4400E+00  0.0000E+00  5.7353E-01  0.0000E+00  5.7353E-01  1.0435E+00
  9.0000E-01  4.2000E+00  3.6000E+00  5.8100E+00  3.4400E+00  0.0000E+00  3.6034E-01  0.0000E+00  3.6034E-01  6.5564E-01
  9.0000E-01  4.2000E+00  3.6000E+00  5.8100E+00  3.4400E+00  0.0000E+00  1.5444E-01  0.0000E+00  1.5444E-01  2.8100E-01
  9.0000E-01  4.2000E+00  3.6000E+00  5.8100E+00  3.4400E+00  0.0000E+00  3.4346E-01  0.0000E+00  3.4346E-01  6.2492E-01
  9.0000E-01  4.2000E+00  3.6000E+00  5.8100E+00  3.4400E+00  0.0000E+00  5.0309E-01  0.0000E+00  5.0309E-01  9.1537E-01
  9.0000E-01  4.2000E+00  3.6000E+00  5.8100E+00  3.4400E+00  0.0000E+00  5.0655E-01  0.0000E+00  5.0655E-01  9.2167E-01
  9.0000E-01  4.2000E+00  3.6000E+00  5.8100E+00  3.4400E+00  0.0000E+00  5.0600E-01  0.0000E+00  5.0600E-01  9.2067E-01
  9.0000E-01  4.2000E+00  3.6000E+00  5.8100E+00  3.4400E+00  0.0000E+00  1.7730E-01  0.0000E+00  1.7730E-01  3.2260E-01
  9.0000E-01  4.2000E+00  3.6000E+00  5.8100E+00  3.4400E+00  0.0000E+00  1.4582E-01  0.0000E+00  1.4582E-01  2.6532E-01
  9.0000E-01  4.2000E+00  3.6000E+00  5.8100E+00  3.4400E+00  0.0000E+00  1.0582E-01  0.0000E+00  1.0582E-01  1.9254E-01
  9.0000E-01  4.2000E+00  3.6000E+00  5.8100E+00  3.4400E+00  0.0000E+00  5.1117E-02  0.0000E+00  5.1117E-02  9.3007E-02
  9.0000E-01  4.2000E+00  3.6000E+00  5.8100E+00  3.4400E+00  0.0000E+00  2.2265E-01  0.0000E+00  2.2265E-01  4.0511E-01
  9.0000E-01  4.2000E+00  3.6000E+00  5.8100E+00  3.4400E+00  0.0000E+00  1.2250E+00  0.0000E+00  1.2250E+00  2.2289E+00
  9.0000E-01  4.2000E+00  3.6000E+00  5.8100E+00  3.4400E+00  0.0000E+00  1.0062E+00  0.0000E+00  1.0062E+00  1.8308E+00
  9.0000E-01  4.2000E+00  3.6000E+00  5.8100E+00  3.4400E+00  0.0000E+00  1.2209E+00  0.0000E+00  1.2209E+00  2.2214E+00
  9.0000E-01  4.2000E+00  3.6000E+00  5.8100E+00  3.4400E+00  0.0000E+00  4.9138E-01  0.0000E+00  4.9138E-01  8.9407E-01
  9.0000E-01  4.2000E+00  3.6000E+00  5.8100E+00  3.4400E+00  0.0000E+00  2.0166E-01  0.0000E+00  2.0166E-01  3.6692E-01
  9.0000E-01  4.2000E+00  3.6000E+00  5.8100E+00  3.4400E+00  0.0000E+00  1.2758E-01  0.0000E+00  1.2758E-01  2.3213E-01
  9.0000E-01  4.2000E+00  3.6000E+00  5.8100E+00  3.4400E+00  0.0000E+00  8.2743E-02  0.0000E+00  8.2743E-02  1.5055E-01
  9.0000E-01  4.2000E+00  3.6000E+00  5.8100E+00  3.4400E+00  0.0000E+00  2.0414E-01  0.0000E+00  2.0414E-01  3.7143E-01
  9.0000E-01  4.2000E+00  3.6000E+00  5.8100E+00  3.4400E+00  0.0000E+00  1.0995E+00  0.0000E+00  1.0995E+00  2.0005E+00
  9.0000E-01  4.2000E+00  3.6000E+00  5.8100E+00  3.4400E+00  0.0000E+00  1.2230E+00  0.0000E+00  1.2230E+00  2.2252E+00
  9.0000E-01  4.2000E+00  3.6000E+00  5.8100E+00  3.4400E+00  0.0000E+00  9.0808E-01  0.0000E+00  9.0808E-01  1.6522E+00
  9.0000E-01  4.2000E+00  3.6000E+00  5.8100E+00  3.4400E+00  0.0000E+00  4.7622E-01  0.0000E+00  4.7622E-01  8.6648E-01
  9.0000E-01  4.2000E+00  3.6000E+00  5.8100E+00  3.4400E+00  0.0000E+00  1.9057E-01  0.0000E+00  1.9057E-01  3.4674E-01
  9.0000E-01  4.2000E+00  3.6000E+00  5.8100E+00  3.4400E+00  0.0000E+00  1.0859E-01  0.0000E+00  1.0859E-01  1.9758E-01
  9.0000E-01  4.2000E+00  3.6000E+00  5.8100E+00  3.4400E+00  0.0000E+00  7.2627E-02  0.0000E+00  7.2627E-02  1.3214E-01
  9.0000E-01  4.2000E+00  3.6000E+00  5.8100E+00  3.4400E+00  0.0000E+00  6.6440E-02  0.0000E+00  6.6440E-02  1.2089E-01
  9.0000E-01  4.2000E+00  3.6000E+00  5.8100E+00  3.4400E+00  0.0000E+00  1.0842E-01  0.0000E+00  1.0842E-01  1.9727E-01
  9.0000E-01  4.2000E+00  3.6000E+00  5.8100E+00  3.4400E+00  0.0000E+00  7.0543E-01  0.0000E+00  7.0543E-01  1.2835E+00
  9.0000E-01  4.2000E+00  3.6000E+00  5.8100E+00  3.4400E+00  0.0000E+00  9.3462E-01  0.0000E+00  9.3462E-01  1.7005E+00
  9.0000E-01  4.2000E+00  3.6000E+00  5.8100E+00  3.4400E+00  0.0000E+00  5.6560E-01  0.0000E+00  5.6560E-01  1.0291E+00
  9.0000E-01  4.2000E+00  3.6000E+00  5.8100E+00  3.4400E+00  0.0000E+00  3.6130E-01  0.0000E+00  3.6130E-01  6.5738E-01
  9.0000E-01  4.2000E+00  3.6000E+00  5.8100E+00  3.4400E+00  0.0000E+00  5.0740E-01  0.0000E+00  5.0740E-01  9.2321E-01
  9.0000E-01  4.2000E+00  3.6000E+00  5.8100E+00  3.4400E+00  0.0000E+00  2.9470E-01  0.0000E+00  2.9470E-01  5.3621E-01
  9.0000E-01  4.2000E+00  3.6000E+00  5.8100E+00  3.4400E+00  0.0000E+00  2.0718E-01  0.0000E+00  2.0718E-01  3.7696E-01
  9.0000E-01  4.2000E+00  3.6000E+00  5.8100E+00  3.4400E+00  0.0000E+00  1.4904E-01  0.0000E+00  1.4904E-01  2.7118E-01
  9.0000E-01  4.2000E+00  3.6000E+00  5.8100E+00  3.4400E+00  0.0000E+00  5.9209E-01  0.0000E+00  5.9209E-01  1.0773E+00
  9.0000E-01  4.2000E+00  3.6000E+00  5.8100E+00  3.4400E+00  0.0000E+00  6.0356E-01  0.0000E+00  6.0356E-01  1.0982E+00
  9.0000E-01  4.2000E+00  3.6000E+00  5.8100E+00  3.4400E+00  0.0000E+00  1.2145E+00  0.0000E+00  1.2145E+00  2.2098E+00
  9.0000E-01  4.2000E+00  3.6000E+00  5.8100E+00  3.4400E+00  0.0000E+00  8.3265E-01  0.0000E+00  8.3265E-01  1.5150E+00
  9.0000E-01  4.2000E+00  3.6000E+00  5.8100E+00  3.4400E+00  0.0000E+00  2.6640E-01  0.0000E+00  2.6640E-01  4.8471E-01
  9.0000E-01  4.2000E+00  3.6000E+00  5.8100E+00  3.4400E+00  0.0000E+00  1.6666E-01  0.0000E+00  1.6666E-01  3.0324E-01
  9.0000E-01  4.2000E+00  3.6000E+00  5.8100E+00  3.4400E+00  0.0000E+00  2.5914E-01  0.0000E+00  2.5914E-01  4.7150E-01
  9.0000E-01  4.2000E+00  3.6000E+00  5.8100E+00  3.4400E+00  0.0000E+00  1.1592E-01  0.0000E+00  1.1592E-01  2.1092E-01
  9.0000E-01  4.2000E+00  3.6000E+00  5.8100E+00  3.4400E+00  0.0000E+00  5.0708E-01  0.0000E+00  5.0708E-01  9.2263E-01
  9.0000E-01  4.2000E+00  3.6000E+00  5.8100E+00  3.4400E+00  0.0000E+00  3.4099E-01  0.0000E+00  3.4099E-01  6.2043E-01
  9.0000E-01  4.2000E+00  3.6000E+00  5.8100E+00  3.4400E+00  0.0000E+00  1.0052E+00  0.0000E+00  1.0052E+00  1.8290E+00
  9.0000E-01  4.2000E+00  3.6000E+00  5.8100E+00  3.4400E+00  0.0000E+00  6.2231E-01  0.0000E+00  6.2231E-01  1.1323E+00
  9.0000E-01  4.2000E+00  3.6000E+00  5.8100E+00  3.4400E+00  0.0000E+00  4.3169E-01  0.0000E+00  4.3169E-01  7.8546E-01
  9.0000E-01  4.2000E+00  3.6000E+00  5.8100E+00  3.4400E+00  0.0000E+00  8.6021E-02  0.0000E+00  8.6021E-02  1.5652E-01
  9.0000E-01  4.2000E+00  3.6000E+00  5.8100E+00  3.4400E+00  0.0000E+00  9.6522E-02  0.0000E+00  9.6522E-02  1.7562E-01
  9.0000E-01  4.2000E+00  3.6000E+00  5.8100E+00  3.4400E+00  0.0000E+00  3.9571E-01  0.0000E+00  3.9571E-01  7.1999E-01
  9.0000E-01  4.2000E+00  3.6000E+00  5.8100E+00  3.4400E+00  0.0000E+00  2.5462E+00  0.0000E+00  2.5462E+00  4.6328E+00
  9.0000E-01  4.2000E+00  3.6000E+00  5.8100E+00  3.4400E+00  0.0000E+00  2.3899E+00  0.0000E+00  2.3899E+00  4.3484E+00
  9.0000E-01  4.2000E+00  3.6000E+00  5.8100E+00  3.4400E+00  0.0000E+00  1.1020E+00  0.0000E+00  1.1020E+00  2.0051E+00
  9.0000E-01  4.2000E+00  3.6000E+00  5.8100E+00  3.4400E+00  0.0000E+00  2.0535E-01  0.0000E+00  2.0535E-01  3.7363E-01
  9.0000E-01  4.2000E+00  3.6000E+00  5.8100E+00  3.4400E+00  0.0000E+00  2.5568E-01  0.0000E+00  2.5568E-01  4.6521E-01
  9.0000E-01  4.2000E+00  3.6000E+00  5.8100E+00  3.4400E+00  0.0000E+00  1.5695E+00  0.0000E+00  1.5695E+00  2.8557E+00
  9.0000E-01  4.2000E+00  3.6000E+00  5.8100E+00  3.4400E+00  0.0000E+00  1.9076E+00  0.0000E+00  1.9076E+00  3.4709E+00
  9.0000E-01  4.2000E+00  3.6000E+00  5.8100E+00  3.4400E+00  0.0000E+00  8.5755E-01  0.0000E+00  8.5755E-01  1.5603E+00
  9.0000E-01  4.2000E+00  3.6000E+00  5.8100E+00  3.4400E+00  0.0000E+00  4.2430E-01  0.0000E+00  4.2430E-01  7.7201E-01
  9.0000E-01  4.2000E+00  3.6000E+00  5.8100E+00  3.4400E+00  0.0000E+00  1.3399E-01  0.0000E+00  1.3399E-01  2.4379E-01
  9.0000E-01  4.2000E+00  3.6000E+00  5.8100E+00  3.4400E+00  0.0000E+00  7.1772E-02  0.0000E+00  7.1772E-02  1.3059E-01
  9.0000E-01  4.2000E+00  3.6000E+00  5.8100E+00  3.4400E+00  0.0000E+00  2.2903E-01  0.0000E+00  2.2903E-01  4.1672E-01
  9.0000E-01  4.2000E+00  3.6000E+00  5.8100E+00  3.4400E+00  0.0000E+00  1.8807E-01  0.0000E+00  1.8807E-01  3.4219E-01
  9.0000E-01  4.2000E+00  3.6000E+00  5.8100E+00  3.4400E+00  0.0000E+00  5.9639E-01  0.0000E+00  5.9639E-01  1.0851E+00
  9.0000E-01  4.2000E+00  3.6000E+00  5.8100E+00  3.4400E+00  0.0000E+00  4.9141E-01  0.0000E+00  4.9141E-01  8.9412E-01
  9.0000E-01  4.2000E+00  3.6000E+00  5.8100E+00  3.4400E+00  0.0000E+00  1.3606E-01  0.0000E+00  1.3606E-01  2.4756E-01
  9.0000E-01  4.2000E+00  3.6000E+00  5.8100E+00  3.4400E+00  0.0000E+00  2.3184E-01  0.0000E+00  2.3184E-01  4.2183E-01
  9.0000E-01  4.2000E+00  3.6000E+00  5.8100E+00  3.4400E+00  0.0000E+00  1.2708E-01  0.0000E+00  1.2708E-01  2.3122E-01
  9.0000E-01  4.2000E+00  3.6000E+00  5.8100E+00  3.4400E+00  0.0000E+00  8.1048E-02  0.0000E+00  8.1048E-02  1.4747E-01
  9.0000E-01  4.2000E+00  3.6000E+00  5.8100E+00  3.4400E+00  0.0000E+00  1.4297E+00  0.0000E+00  1.4297E+00  2.6013E+00
  9.0000E-01  4.2000E+00  3.6000E+00  5.8100E+00  3.4400E+00  0.0000E+00  1.2515E+00  0.0000E+00  1.2515E+00  2.2771E+00
  9.0000E-01  4.2000E+00  3.6000E+00  5.8100E+00  3.4400E+00  0.0000E+00  6.7263E-01  0.0000E+00  6.7263E-01  1.2238E+00
  9.0000E-01  4.2000E+00  3.6000E+00  5.8100E+00  3.4400E+00  0.0000E+00  1.3437E-01  0.0000E+00  1.3437E-01  2.4449E-01
  9.0000E-01  4.2000E+00  3.6000E+00  5.8100E+00  3.4400E+00  0.0000E+00  2.4091E-01  0.0000E+00  2.4091E-01  4.3834E-01
  9.0000E-01  4.2000E+00  3.6000E+00  5.8100E+00  3.4400E+00  0.0000E+00  4.8955E-01  0.0000E+00  4.8955E-01  8.9074E-01
  9.0000E-01  4.2000E+00  3.6000E+00  5.8100E+00  3.4400E+00  0.0000E+00  3.0215E-01  0.0000E+00  3.0215E-01  5.4976E-01
  9.0000E-01  4.2000E+00  3.6000E+00  5.8100E+00  3.4400E+00  0.0000E+00  3.8199E-01  0.0000E+00  3.8199E-01  6.9503E-01
  9.0000E-01  4.2000E+00  3.6000E+00  5.8100E+00  3.4400E+00  0.0000E+00  5.9584E-01  0.0000E+00  5.9584E-01  1.0841E+00
  9.0000E-01  4.2000E+00  3.6000E+00  5.8100E+00  3.4400E+00  0.0000E+00  2.6730E-01  0.0000E+00  2.6730E-01  4.8635E-01
  9.0000E-01  4.2000E+00  3.6000E+00  5.8100E+00  3.4400E+00  0.0000E+00  1.5323E-01  0.0000E+00  1.5323E-01  2.7880E-01
  9.0000E-01  4.2000E+00  3.6000E+00  5.8100E+00  3.4400E+00  0.0000E+00  5.0694E-02  0.0000E+00  5.0694E-02  9.2238E-02
  9.0000E-01  4.2000E+00  3.6000E+00  5.8100E+00  3.4400E+00  0.0000E+00  1.3044E-01  0.0000E+00  1.3044E-01  2.3734E-01
  9.0000E-01  4.2000E+00  3.6000E+00  5.8100E+00  3.4400E+00  0.0000E+00  1.1848E+00  0.0000E+00  1.1848E+00  2.1557E+00
  9.0000E-01  4.2000E+00  3.6000E+00  5.8100E+00  3.4400E+00  0.0000E+00  9.9824E-01  0.0000E+00  9.9824E-01  1.8163E+00
  9.0000E-01  4.2000E+00  3.6000E+00  5.8100E+00  3.4400E+00  0.0000E+00  5.1320E-01  0.0000E+00  5.1320E-01  9.3377E-01
  9.0000E-01  4.2000E+00  3.6000E+00  5.8100E+00  3.4400E+00  0.0000E+00  7.7474E-01  0.0000E+00  7.7474E-01  1.4096E+00
  9.0000E-01  4.2000E+00  3.6000E+00  5.8100E+00  3.4400E+00  0.0000E+00  5.4534E-01  0.0000E+00  5.4534E-01  9.9225E-01
  9.0000E-01  4.2000E+00  3.6000E+00  5.8100E+00  3.4400E+00  0.0000E+00  3.4551E-01  0.0000E+00  3.4551E-01  6.2865E-01
  9.0000E-01  4.2000E+00  3.6000E+00  5.8100E+00  3.4400E+00  0.0000E+00  2.2989E-01  0.0000E+00  2.2989E-01  4.1828E-01
  9.0000E-01  4.2000E+00  3.6000E+00  5.8100E+00  3.4400E+00  0.0000E+00  1.7264E-01  0.0000E+00  1.7264E-01  3.1412E-01
  9.0000E-01  4.2000E+00  3.6000E+00  5.8100E+00  3.4400E+00  0.0000E+00  4.8014E-01  0.0000E+00  4.8014E-01  8.7361E-01
  9.0000E-01  4.2000E+00  3.6000E+00  5.8100E+00  3.4400E+00  0.0000E+00  1.0441E+00  0.0000E+00  1.0441E+00  1.8997E+00
  9.0000E-01  4.2000E+00  3.6000E+00  5.8100E+00  3.4400E+00  0.0000E+00  1.7247E+00  0.0000E+00  1.7247E+00  3.1381E+00
  9.0000E-01  4.2000E+00  3.6000E+00  5.8100E+00  3.4400E+00  0.0000E+00  1.2431E+00  0.0000E+00  1.2431E+00  2.2618E+00
  9.0000E-01  4.2000E+00  3.6000E+00  5.8100E+00  3.4400E+00  0.0000E+00  6.5988E-01  0.0000E+00  6.5988E-01  1.2007E+00
  9.0000E-01  4.2000E+00  3.6000E+00  5.8100E+00  3.4400E+00  0.0000E+00  8.7931E-02  0.0000E+00  8.7931E-02  1.5999E-01
  9.0000E-01  4.2000E+00  3.6000E+00  5.8100E+00  3.4400E+00  0.0000E+00  5.6272E-02  0.0000E+00  5.6272E-02  1.0239E-01
  9.0000E-01  4.2000E+00  3.6000E+00  5.8100E+00  3.4400E+00  0.0000E+00  6.1525E-02  0.0000E+00  6.1525E-02  1.1194E-01
  9.0000E-01  4.2000E+00  3.6000E+00  5.8100E+00  3.4400E+00  0.0000E+00  5.8082E-02  0.0000E+00  5.8082E-02  1.0568E-01
  9.0000E-01  4.2000E+00  3.6000E+00  5.8100E+00  3.4400E+00  0.0000E+00  3.5190E-01  0.0000E+00  3.5190E-01  6.4028E-01
  9.0000E-01  4.2000E+00  3.6000E+00  5.8100E+00  3.4400E+00  0.0000E+00  6.6682E-01  0.0000E+00  6.6682E-01  1.2133E+00
  9.0000E-01  4.2000E+00  3.6000E+00  5.8100E+00  3.4400E+00  0.0000E+00  6.1891E-01  0.0000E+00  6.1891E-01  1.1261E+00
  9.0000E-01  4.2000E+00  3.6000E+00  5.8100E+00  3.4400E+00  0.0000E+00  3.5109E-01  0.0000E+00  3.5109E-01  6.3881E-01
  9.0000E-01  4.2000E+00  3.6000E+00  5.8100E+00  3.4400E+00  0.0000E+00  3.6045E-01  0.0000E+00  3.6045E-01  6.5584E-01
  9.0000E-01  4.2000E+00  3.6000E+00  5.8100E+00  3.4400E+00  0.0000E+00  2.7661E-01  0.0000E+00  2.7661E-01  5.0329E-01
  9.0000E-01  4.2000E+00  3.6000E+00  5.8100E+00  3.4400E+00  0.0000E+00  8.8328E-02  0.0000E+00  8.8328E-02  1.6071E-01
  9.0000E-01  4.2000E+00  3.6000E+00  5.8100E+00  3.4400E+00  0.0000E+00  1.2003E-01  0.0000E+00  1.2003E-01  2.1839E-01
  9.0000E-01  4.2000E+00  3.6000E+00  5.8100E+00  3.4400E+00  0.0000E+00  3.4291E-01  0.0000E+00  3.4291E-01  6.2392E-01
  9.0000E-01  4.2000E+00  3.6000E+00  5.8100E+00  3.4400E+00  0.0000E+00  7.8393E-01  0.0000E+00  7.8393E-01  1.4264E+00
  9.0000E-01  4.2000E+00  3.6000E+00  5.8100E+00  3.4400E+00  0.0000E+00  6.4487E-01  0.0000E+00  6.4487E-01  1.1733E+00
  9.0000E-01  4.2000E+00  3.6000E+00  5.8100E+00  3.4400E+00  0.0000E+00  4.2881E-01  0.0000E+00  4.2881E-01  7.8022E-01
  9.0000E-01  4.2000E+00  3.6000E+00  5.8100E+00  3.4400E+00  0.0000E+00  4.5885E-01  0.0000E+00  4.5885E-01  8.3488E-01
  9.0000E-01  4.2000E+00  3.6000E+00  5.8100E+00  3.4400E+00  0.0000E+00  1.0179E-01  0.0000E+00  1.0179E-01  1.8521E-01
  9.0000E-01  4.2000E+00  3.6000E+00  5.8100E+00  3.4400E+00  0.0000E+00  4.6146E-01  0.0000E+00  4.6146E-01  8.3963E-01
  9.0000E-01  4.2000E+00  3.6000E+00  5.8100E+00  3.4400E+00  0.0000E+00  1.0795E+00  0.0000E+00  1.0795E+00  1.9641E+00
  9.0000E-01  4.2000E+00  3.6000E+00  5.8100E+00  3.4400E+00  0.0000E+00  8.8450E-01  0.0000E+00  8.8450E-01  1.6093E+00
  9.0000E-01  4.2000E+00  3.6000E+00  5.8100E+00  3.4400E+00  0.0000E+00  7.2992E-01  0.0000E+00  7.2992E-01  1.3281E+00
  9.0000E-01  4.2000E+00  3.6000E+00  5.8100E+00  3.4400E+00  0.0000E+00  8.4376E-01  0.0000E+00  8.4376E-01  1.5352E+00
  9.0000E-01  4.2000E+00  3.6000E+00  5.8100E+00  3.4400E+00  0.0000E+00  1.9466E-01  0.0000E+00  1.9466E-01  3.5418E-01
  9.0000E-01  4.2000E+00  3.6000E+00  5.8100E+00  3.4400E+00  0.0000E+00  2.0568E-01  0.0000E+00  2.0568E-01  3.7423E-01
  9.0000E-01  4.2000E+00  3.6000E+00  5.8100E+00  3.4400E+00  0.0000E+00  2.4472E-01  0.0000E+00  2.4472E-01  4.4527E-01
  9.0000E-01  4.2000E+00  3.6000E+00  5.8100E+00  3.4400E+00  0.0000E+00  7.1495E-02  0.0000E+00  7.1495E-02  1.3009E-01
  9.0000E-01  4.2000E+00  3.6000E+00  5.8100E+00  3.4400E+00  0.0000E+00  8.0283E-01  0.0000E+00  8.0283E-01  1.4607E+00
  9.0000E-01  4.2000E+00  3.6000E+00  5.8100E+00  3.4400E+00  0.0000E+00  9.3731E-01  0.0000E+00  9.3731E-01  1.7054E+00
  9.0000E-01  4.2000E+00  3.6000E+00  5.8100E+00  3.4400E+00  0.0000E+00  9.8166E-01  0.0000E+00  9.8166E-01  1.7861E+00
  9.0000E-01  4.2000E+00  3.6000E+00  5.8100E+00  3.4400E+00  0.0000E+00  9.8660E-01  0.0000E+00  9.8660E-01  1.7951E+00
  9.0000E-01  4.2000E+00  3.6000E+00  5.8100E+00  3.4400E+00  0.0000E+00  4.1168E-01  0.0000E+00  4.1168E-01  7.4905E-01
  9.0000E-01  4.2000E+00  3.6000E+00  5.8100E+00  3.4400E+00  0.0000E+00  1.6314E-01  0.0000E+00  1.6314E-01  2.9683E-01
  9.0000E-01  4.2000E+00  3.6000E+00  5.8100E+00  3.4400E+00  0.0000E+00  1.1644E-01  0.0000E+00  1.1644E-01  2.1186E-01
  9.0000E-01  4.2000E+00  3.6000E+00  5.8100E+00  3.4400E+00  0.0000E+00  8.7158E-02  0.0000E+00  8.7158E-02  1.5858E-01
  9.0000E-01  4.2000E+00  3.6000E+00  5.8100E+00  3.4400E+00  0.0000E+00  8.6934E-01  0.0000E+00  8.6934E-01  1.5818E+00
  9.0000E-01  4.2000E+00  3.6000E+00  5.8100E+00  3.4400E+00  0.0000E+00  7.8567E-01  0.0000E+00  7.8567E-01  1.4295E+00
  9.0000E-01  4.2000E+00  3.6000E+00  5.8100E+00  3.4400E+00  0.0000E+00  1.5619E+00  0.0000E+00  1.5619E+00  2.8419E+00
  9.0000E-01  4.2000E+00  3.6000E+00  5.8100E+00  3.4400E+00  0.0000E+00  9.1571E-01  0.0000E+00  9.1571E-01  1.6661E+00
  9.0000E-01  4.2000E+00  3.6000E+00  5.8100E+00  3.4400E+00  0.0000E+00  5.9200E-01  0.0000E+00  5.9200E-01  1.0771E+00
  9.0000E-01  4.2000E+00  3.6000E+00  5.8100E+00  3.4400E+00  0.0000E+00  1.8289E-01  0.0000E+00  1.8289E-01  3.3277E-01
  9.0000E-01  4.2000E+00  3.6000E+00  5.8100E+00  3.4400E+00  0.0000E+00  1.4008E-01  0.0000E+00  1.4008E-01  2.5488E-01
  9.0000E-01  4.2000E+00  3.6000E+00  5.8100E+00  3.4400E+00  0.0000E+00  5.7276E-02  0.0000E+00  5.7276E-02  1.0421E-01
  9.0000E-01  4.2000E+00  3.6000E+00  5.8100E+00  3.4400E+00  0.0000E+00  1.3488E+00  0.0000E+00  1.3488E+00  2.4541E+00
  9.0000E-01  4.2000E+00  3.6000E+00  5.8100E+00  3.4400E+00  0.0000E+00  1.0658E+00  0.0000E+00  1.0658E+00  1.9392E+00
  9.0000E-01  4.2000E+00  3.6000E+00  5.8100E+00  3.4400E+00  0.0000E+00  9.8735E-01  0.0000E+00  9.8735E-01  1.7965E+00
  9.0000E-01  4.2000E+00  3.6000E+00  5.8100E+00  3.4400E+00  0.0000E+00  5.6562E-01  0.0000E+00  5.6562E-01  1.0291E+00
  9.0000E-01  4.2000E+00  3.6000E+00  5.8100E+00  3.4400E+00  0.0000E+00  2.5547E-01  0.0000E+00  2.5547E-01  4.6483E-01
  9.0000E-01  4.2000E+00  3.6000E+00  5.8100E+00  3.4400E+00  0.0000E+00  8.0083E-02  0.0000E+00  8.0083E-02  1.4571E-01
  9.0000E-01  4.2000E+00  3.6000E+00  5.8100E+00  3.4400E+00  0.0000E+00  5.9898E-02  0.0000E+00  5.9898E-02  1.0898E-01
  9.0000E-01  4.2000E+00  3.6000E+00  5.8100E+00  3.4400E+00  0.0000E+00  1.2135E-01  0.0000E+00  1.2135E-01  2.2080E-01
  9.0000E-01  4.2000E+00  3.6000E+00  5.8100E+00  3.4400E+00  0.0000E+00  6.8703E-01  0.0000E+00  6.8703E-01  1.2500E+00
  9.0000E-01  4.2000E+00  3.6000E+00  5.8100E+00  3.4400E+00  0.0000E+00  9.7120E-01  0.0000E+00  9.7120E-01  1.7671E+00
  9.0000E-01  4.2000E+00  3.6000E+00  5.8100E+00  3.4400E+00  0.0000E+00  7.4951E-01  0.0000E+00  7.4951E-01  1.3637E+00
  9.0000E-01  4.2000E+00  3.6000E+00  5.8100E+00  3.4400E+00  0.0000E+00  4.1213E-01  0.0000E+00  4.1213E-01  7.4987E-01
  9.0000E-01  4.2000E+00  3.6000E+00  5.8100E+00  3.4400E+00  0.0000E+00  2.0816E-01  0.0000E+00  2.0816E-01  3.7875E-01
  9.0000E-01  4.2000E+00  3.6000E+00  5.8100E+00  3.4400E+00  0.0000E+00  1.0605E-01  0.0000E+00  1.0605E-01  1.9296E-01
  9.0000E-01  4.2000E+00  3.6000E+00  5.8100E+00  3.4400E+00  0.0000E+00  7.3984E-02  0.0000E+00  7.3984E-02  1.3461E-01
  9.0000E-01  4.2000E+00  3.6000E+00  5.8100E+00  3.4400E+00  0.0000E+00  1.1386E-01  0.0000E+00  1.1386E-01  2.0717E-01
  9.0000E-01  4.2000E+00  3.6000E+00  5.8100E+00  3.4400E+00  0.0000E+00  8.6092E-01  0.0000E+00  8.6092E-01  1.5664E+00
  9.0000E-01  4.2000E+00  3.6000E+00  5.8100E+00  3.4400E+00  0.0000E+00  1.0481E+00  0.0000E+00  1.0481E+00  1.9070E+00
  9.0000E-01  4.2000E+00  3.6000E+00  5.8100E+00  3.4400E+00  0.0000E+00  7.1287E-01  0.0000E+00  7.1287E-01  1.2971E+00
  9.0000E-01  4.2000E+00  3.6000E+00  5.8100E+00  3.4400E+00  0.0000E+00  7.4046E-01  0.0000E+00  7.4046E-01  1.3473E+00
  9.0000E-01  4.2000E+00  3.6000E+00  5.8100E+00  3.4400E+00  0.0000E+00  2.2677E-01  0.0000E+00  2.2677E-01  4.1261E-01
  9.0000E-01  4.2000E+00  3.6000E+00  5.8100E+00  3.4400E+00  0.0000E+00  1.0657E-01  0.0000E+00  1.0657E-01  1.9390E-01
  9.0000E-01  4.2000E+00  3.6000E+00  5.8100E+00  3.4400E+00  0.0000E+00  9.6279E-02  0.0000E+00  9.6279E-02  1.7518E-01
  9.0000E-01  4.2000E+00  3.6000E+00  5.8100E+00  3.4400E+00  0.0000E+00  1.0883E-01  0.0000E+00  1.0883E-01  1.9802E-01
  9.0000E-01  4.2000E+00  3.6000E+00  5.8100E+00  3.4400E+00  0.0000E+00  1.0591E+00  0.0000E+00  1.0591E+00  1.9270E+00
  9.0000E-01  4.2000E+00  3.6000E+00  5.8100E+00  3.4400E+00  0.0000E+00  1.3481E+00  0.0000E+00  1.3481E+00  2.4529E+00
  9.0000E-01  4.2000E+00  3.6000E+00  5.8100E+00  3.4400E+00  0.0000E+00  9.6300E-01  0.0000E+00  9.6300E-01  1.7522E+00
  9.0000E-01  4.2000E+00  3.6000E+00  5.8100E+00  3.4400E+00  0.0000E+00  2.2480E-01  0.0000E+00  2.2480E-01  4.0902E-01
  9.0000E-01  4.2000E+00  3.6000E+00  5.8100E+00  3.4400E+00  0.0000E+00  7.5842E-02  0.0000E+00  7.5842E-02  1.3799E-01
  9.0000E-01  4.2000E+00  3.6000E+00  5.8100E+00  3.4400E+00  0.0000E+00  6.0947E-02  0.0000E+00  6.0947E-02  1.1089E-01
  9.0000E-01  4.2000E+00  3.6000E+00  5.8100E+00  3.4400E+00  0.0000E+00  5.2488E-02  0.0000E+00  5.2488E-02  9.5502E-02
  9.0000E-01  4.2000E+00  3.6000E+00  5.8100E+00  3.4400E+00  0.0000E+00  1.9802E-01  0.0000E+00  1.9802E-01  3.6030E-01
  9.0000E-01  4.2000E+00  3.6000E+00  5.8100E+00  3.4400E+00  0.0000E+00  9.1410E-01  0.0000E+00  9.1410E-01  1.6632E+00
  9.0000E-01  4.2000E+00  3.6000E+00  5.8100E+00  3.4400E+00  0.0000E+00  8.2660E-01  0.0000E+00  8.2660E-01  1.5040E+00
  9.0000E-01  4.2000E+00  3.6000E+00  5.8100E+00  3.4400E+00  0.0000E+00  6.5961E-01  0.0000E+00  6.5961E-01  1.2002E+00
  9.0000E-01  4.2000E+00  3.6000E+00  5.8100E+00  3.4400E+00  0.0000E+00  2.0174E-01  0.0000E+00  2.0174E-01  3.6707E-01
  9.0000E-01  4.2000E+00  3.6000E+00  5.8100E+00  3.4400E+00  0.0000E+00  1.0097E-01  0.0000E+00  1.0097E-01  1.8371E-01
