TABLE NO.  2
 ETA1        ETA2        ETA3        ETA4        ETA5
  0.0000E+00 -7.8806E-01 -5.6070E-01  0.0000E+00  0.0000E+00
  0.0000E+00 -7.8806E-01 -5.6070E-01  0.0000E+00  0.0000E+00
  0.0000E+00 -7.8806E-01 -5.6070E-01  0.0000E+00  0.0000E+00
  0.0000E+00 -7.8806E-01 -5.6070E-01  0.0000E+00  0.0000E+00
  0.0000E+00 -7.8806E-01 -5.6070E-01  0.0000E+00  0.0000E+00
  0.0000E+00 -7.8806E-01 -5.6070E-01  0.0000E+00  0.0000E+00
  0.0000E+00  4.0215E-01 -1.9636E-01  0.0000E+00  0.0000E+00
  0.0000E+00  4.0215E-01 -1.9636E-01  0.0000E+00  0.0000E+00
  0.0000E+00  4.0215E-01 -1.9636E-01  0.0000E+00  0.0000E+00
  0.0000E+00  4.0215E-01 -1.9636E-01  0.0000E+00  0.0000E+00
  0.0000E+00  4.0215E-01 -1.9636E-01  0.0000E+00  0.0000E+00
  0.0000E+00  4.0215E-01 -1.9636E-01  0.0000E+00  0.0000E+00
  0.0000E+00  4.0215E-01 -1.9636E-01  0.0000E+00  0.0000E+00
  0.0000E+00 -6.9967E-02  1.0289E+00  0.0000E+00  0.0000E+00
  0.0000E+00 -6.9967E-02  1.0289E+00  0.0000E+00  0.0000E+00
  0.0000E+00 -6.9967E-02  1.0289E+00  0.0000E+00  0.0000E+00
  0.0000E+00 -6.9967E-02  1.0289E+00  0.0000E+00  0.0000E+00
  0.0000E+00 -6.9967E-02  1.0289E+00  0.0000E+00  0.0000E+00
  0.0000E+00 -6.9967E-02  1.0289E+00  0.0000E+00  0.0000E+00
  0.0000E+00  3.3829E-01  5.3562E-01  0.0000E+00  0.0000E+00
  0.0000E+00  3.3829E-01  5.3562E-01  0.0000E+00  0.0000E+00
  0.0000E+00  3.3829E-01  5.3562E-01  0.0000E+00  0.0000E+00
  0.0000E+00  3.3829E-01  5.3562E-01  0.0000E+00  0.0000E+00
  0.0000E+00  3.3829E-01  5.3562E-01  0.0000E+00  0.0000E+00
  0.0000E+00  2.8938E-01 -2.6832E-01  0.0000E+00  0.0000E+00
  0.0000E+00  2.8938E-01 -2.6832E-01  0.0000E+00  0.0000E+00
  0.0000E+00  2.8938E-01 -2.6832E-01  0.0000E+00  0.0000E+00
  0.0000E+00  2.8938E-01 -2.6832E-01  0.0000E+00  0.0000E+00
  0.0000E+00  2.8938E-01 -2.6832E-01  0.0000E+00  0.0000E+00
  0.0000E+00  2.8938E-01 -2.6832E-01  0.0000E+00  0.0000E+00
  0.0000E+00  2.8938E-01 -2.6832E-01  0.0000E+00  0.0000E+00
  0.0000E+00  2.8938E-01 -2.6832E-01  0.0000E+00  0.0000E+00
  0.0000E+00  2.4499E-01  2.2971E-01  0.0000E+00  0.0000E+00
  0.0000E+00  2.4499E-01  2.2971E-01  0.0000E+00  0.0000E+00
  0.0000E+00  2.4499E-01  2.2971E-01  0.0000E+00  0.0000E+00
  0.0000E+00  2.4499E-01  2.2971E-01  0.0000E+00  0.0000E+00
  0.0000E+00  2.4499E-01  2.2971E-01  0.0000E+00  0.0000E+00
  0.0000E+00  2.4499E-01  2.2971E-01  0.0000E+00  0.0000E+00
  0.0000E+00  1.9257E-01  6.2659E-01  0.0000E+00  0.0000E+00
  0.0000E+00  1.9257E-01  6.2659E-01  0.0000E+00  0.0000E+00
  0.0000E+00  1.9257E-01  6.2659E-01  0.0000E+00  0.0000E+00
  0.0000E+00  1.9257E-01  6.2659E-01  0.0000E+00  0.0000E+00
  0.0000E+00  1.9257E-01  6.2659E-01  0.0000E+00  0.0000E+00
  0.0000E+00  1.1691E-01 -1.0639E+00  0.0000E+00  0.0000E+00
  0.0000E+00  1.1691E-01 -1.0639E+00  0.0000E+00  0.0000E+00
  0.0000E+00  1.1691E-01 -1.0639E+00  0.0000E+00  0.0000E+00
  0.0000E+00  1.1691E-01 -1.0639E+00  0.0000E+00  0.0000E+00
  0.0000E+00  1.1691E-01 -1.0639E+00  0.0000E+00  0.0000E+00
  0.0000E+00  1.1691E-01 -1.0639E+00  0.0000E+00  0.0000E+00
  0.0000E+00  1.1691E-01 -1.0639E+00  0.0000E+00  0.0000E+00
  0.0000E+00  1.1691E-01 -1.0639E+00  0.0000E+00  0.0000E+00
  0.0000E+00  1.1691E-01 -1.0639E+00  0.0000E+00  0.0000E+00
  0.0000E+00  1.1691E-01 -1.0639E+00  0.0000E+00  0.0000E+00
  0.0000E+00 -3.8782E-02 -2.0161E-01  0.0000E+00  0.0000E+00
  0.0000E+00 -3.8782E-02 -2.0161E-01  0.0000E+00  0.0000E+00
  0.0000E+00 -3.8782E-02 -2.0161E-01  0.0000E+00  0.0000E+00
  0.0000E+00 -3.8782E-02 -2.0161E-01  0.0000E+00  0.0000E+00
  0.0000E+00 -3.8782E-02 -2.0161E-01  0.0000E+00  0.0000E+00
  0.0000E+00 -3.8782E-02 -2.0161E-01  0.0000E+00  0.0000E+00
  0.0000E+00 -3.8782E-02 -2.0161E-01  0.0000E+00  0.0000E+00
  0.0000E+00  4.9399E-01  5.9186E-01  0.0000E+00  0.0000E+00
  0.0000E+00  4.9399E-01  5.9186E-01  0.0000E+00  0.0000E+00
  0.0000E+00  4.9399E-01  5.9186E-01  0.0000E+00  0.0000E+00
  0.0000E+00  4.9399E-01  5.9186E-01  0.0000E+00  0.0000E+00
  0.0000E+00  4.9399E-01  5.9186E-01  0.0000E+00  0.0000E+00
  0.0000E+00 -1.4458E-01  4.1364E-01  0.0000E+00  0.0000E+00
  0.0000E+00 -1.4458E-01  4.1364E-01  0.0000E+00  0.0000E+00
  0.0000E+00 -1.4458E-01  4.1364E-01  0.0000E+00  0.0000E+00
  0.0000E+00 -1.4458E-01  4.1364E-01  0.0000E+00  0.0000E+00
  0.0000E+00 -1.4458E-01  4.1364E-01  0.0000E+00  0.0000E+00
  0.0000E+00 -1.4458E-01  4.1364E-01  0.0000E+00  0.0000E+00
  0.0000E+00 -5.1112E-01 -1.1517E-02  0.0000E+00  0.0000E+00
  0.0000E+00 -5.1112E-01 -1.1517E-02  0.0000E+00  0.0000E+00
  0.0000E+00 -5.1112E-01 -1.1517E-02  0.0000E+00  0.0000E+00
  0.0000E+00 -5.1112E-01 -1.1517E-02  0.0000E+00  0.0000E+00
  0.0000E+00 -5.1112E-01 -1.1517E-02  0.0000E+00  0.0000E+00
  0.0000E+00 -5.1112E-01 -1.1517E-02  0.0000E+00  0.0000E+00
  0.0000E+00  5.5166E-01 -7.7013E-01  0.0000E+00  0.0000E+00
  0.0000E+00  5.5166E-01 -7.7013E-01  0.0000E+00  0.0000E+00
  0.0000E+00  5.5166E-01 -7.7013E-01  0.0000E+00  0.0000E+00
  0.0000E+00  5.5166E-01 -7.7013E-01  0.0000E+00  0.0000E+00
  0.0000E+00  5.5166E-01 -7.7013E-01  0.0000E+00  0.0000E+00
  0.0000E+00  5.5166E-01 -7.7013E-01  0.0000E+00  0.0000E+00
  0.0000E+00  5.5166E-01 -7.7013E-01  0.0000E+00  0.0000E+00
  0.0000E+00  5.5166E-01 -7.7013E-01  0.0000E+00  0.0000E+00
  0.0000E+00  3.7323E-01  7.7397E-02  0.0000E+00  0.0000E+00
  0.0000E+00  3.7323E-01  7.7397E-02  0.0000E+00  0.0000E+00
  0.0000E+00  3.7323E-01  7.7397E-02  0.0000E+00  0.0000E+00
  0.0000E+00  3.7323E-01  7.7397E-02  0.0000E+00  0.0000E+00
  0.0000E+00  3.7323E-01  7.7397E-02  0.0000E+00  0.0000E+00
  0.0000E+00  3.7323E-01  7.7397E-02  0.0000E+00  0.0000E+00
  0.0000E+00 -7.9781E-01  2.7792E-02  0.0000E+00  0.0000E+00
  0.0000E+00 -7.9781E-01  2.7792E-02  0.0000E+00  0.0000E+00
  0.0000E+00 -7.9781E-01  2.7792E-02  0.0000E+00  0.0000E+00
  0.0000E+00 -7.9781E-01  2.7792E-02  0.0000E+00  0.0000E+00
  0.0000E+00 -7.9781E-01  2.7792E-02  0.0000E+00  0.0000E+00
  0.0000E+00 -7.9781E-01  2.7792E-02  0.0000E+00  0.0000E+00
  0.0000E+00  4.1526E-01  2.1663E-01  0.0000E+00  0.0000E+00
  0.0000E+00  4.1526E-01  2.1663E-01  0.0000E+00  0.0000E+00
  0.0000E+00  4.1526E-01  2.1663E-01  0.0000E+00  0.0000E+00
  0.0000E+00  4.1526E-01  2.1663E-01  0.0000E+00  0.0000E+00
  0.0000E+00 -2.3420E-01  8.3916E-01  0.0000E+00  0.0000E+00
  0.0000E+00 -2.3420E-01  8.3916E-01  0.0000E+00  0.0000E+00
  0.0000E+00 -2.3420E-01  8.3916E-01  0.0000E+00  0.0000E+00
  0.0000E+00 -2.3420E-01  8.3916E-01  0.0000E+00  0.0000E+00
  0.0000E+00 -2.3420E-01  8.3916E-01  0.0000E+00  0.0000E+00
  0.0000E+00 -2.3420E-01  8.3916E-01  0.0000E+00  0.0000E+00
  0.0000E+00  3.0798E-01  1.1088E-02  0.0000E+00  0.0000E+00
  0.0000E+00  3.0798E-01  1.1088E-02  0.0000E+00  0.0000E+00
  0.0000E+00  3.0798E-01  1.1088E-02  0.0000E+00  0.0000E+00
  0.0000E+00  3.0798E-01  1.1088E-02  0.0000E+00  0.0000E+00
  0.0000E+00  3.0798E-01  1.1088E-02  0.0000E+00  0.0000E+00
  0.0000E+00  3.0798E-01  1.1088E-02  0.0000E+00  0.0000E+00
  0.0000E+00  4.0375E-01 -4.8241E-01  0.0000E+00  0.0000E+00
  0.0000E+00  4.0375E-01 -4.8241E-01  0.0000E+00  0.0000E+00
  0.0000E+00  4.0375E-01 -4.8241E-01  0.0000E+00  0.0000E+00
  0.0000E+00  4.0375E-01 -4.8241E-01  0.0000E+00  0.0000E+00
  0.0000E+00  4.0375E-01 -4.8241E-01  0.0000E+00  0.0000E+00
  0.0000E+00  4.0375E-01 -4.8241E-01  0.0000E+00  0.0000E+00
  0.0000E+00  4.0375E-01 -4.8241E-01  0.0000E+00  0.0000E+00
  0.0000E+00 -9.9650E-02  4.9162E-01  0.0000E+00  0.0000E+00
  0.0000E+00 -9.9650E-02  4.9162E-01  0.0000E+00  0.0000E+00
  0.0000E+00 -9.9650E-02  4.9162E-01  0.0000E+00  0.0000E+00
  0.0000E+00 -9.9650E-02  4.9162E-01  0.0000E+00  0.0000E+00
  0.0000E+00 -9.9650E-02  4.9162E-01  0.0000E+00  0.0000E+00
  0.0000E+00 -9.9650E-02  4.9162E-01  0.0000E+00  0.0000E+00
  0.0000E+00 -5.3118E-01  1.7738E-01  0.0000E+00  0.0000E+00
  0.0000E+00 -5.3118E-01  1.7738E-01  0.0000E+00  0.0000E+00
  0.0000E+00 -5.3118E-01  1.7738E-01  0.0000E+00  0.0000E+00
  0.0000E+00 -5.3118E-01  1.7738E-01  0.0000E+00  0.0000E+00
  0.0000E+00 -5.3118E-01  1.7738E-01  0.0000E+00  0.0000E+00
  0.0000E+00 -5.3118E-01  1.7738E-01  0.0000E+00  0.0000E+00
  0.0000E+00 -2.6424E-01 -1.7015E-01  0.0000E+00  0.0000E+00
  0.0000E+00 -2.6424E-01 -1.7015E-01  0.0000E+00  0.0000E+00
  0.0000E+00 -2.6424E-01 -1.7015E-01  0.0000E+00  0.0000E+00
  0.0000E+00 -2.6424E-01 -1.7015E-01  0.0000E+00  0.0000E+00
  0.0000E+00 -2.6424E-01 -1.7015E-01  0.0000E+00  0.0000E+00
  0.0000E+00 -2.6424E-01 -1.7015E-01  0.0000E+00  0.0000E+00
  0.0000E+00 -2.6424E-01 -1.7015E-01  0.0000E+00  0.0000E+00
  0.0000E+00 -1.9160E-01 -3.9563E-01  0.0000E+00  0.0000E+00
  0.0000E+00 -1.9160E-01 -3.9563E-01  0.0000E+00  0.0000E+00
  0.0000E+00 -1.9160E-01 -3.9563E-01  0.0000E+00  0.0000E+00
  0.0000E+00 -1.9160E-01 -3.9563E-01  0.0000E+00  0.0000E+00
  0.0000E+00 -1.9160E-01 -3.9563E-01  0.0000E+00  0.0000E+00
  0.0000E+00 -1.9160E-01 -3.9563E-01  0.0000E+00  0.0000E+00
  0.0000E+00  1.2974E-01 -1.1090E-01  0.0000E+00  0.0000E+00
  0.0000E+00  1.2974E-01 -1.1090E-01  0.0000E+00  0.0000E+00
  0.0000E+00  1.2974E-01 -1.1090E-01  0.0000E+00  0.0000E+00
  0.0000E+00  1.2974E-01 -1.1090E-01  0.0000E+00  0.0000E+00
  0.0000E+00  1.2974E-01 -1.1090E-01  0.0000E+00  0.0000E+00
  0.0000E+00  4.1274E-02  8.1754E-01  0.0000E+00  0.0000E+00
  0.0000E+00  4.1274E-02  8.1754E-01  0.0000E+00  0.0000E+00
  0.0000E+00  4.1274E-02  8.1754E-01  0.0000E+00  0.0000E+00
  0.0000E+00  4.1274E-02  8.1754E-01  0.0000E+00  0.0000E+00
  0.0000E+00  4.1274E-02  8.1754E-01  0.0000E+00  0.0000E+00
  0.0000E+00  4.1274E-02  8.1754E-01  0.0000E+00  0.0000E+00
  0.0000E+00  3.9868E-01  6.4793E-01  0.0000E+00  0.0000E+00
  0.0000E+00  3.9868E-01  6.4793E-01  0.0000E+00  0.0000E+00
  0.0000E+00  3.9868E-01  6.4793E-01  0.0000E+00  0.0000E+00
  0.0000E+00  3.9868E-01  6.4793E-01  0.0000E+00  0.0000E+00
  0.0000E+00  3.9868E-01  6.4793E-01  0.0000E+00  0.0000E+00
  0.0000E+00  9.8714E-01  1.3460E-01  0.0000E+00  0.0000E+00
  0.0000E+00  9.8714E-01  1.3460E-01  0.0000E+00  0.0000E+00
  0.0000E+00  9.8714E-01  1.3460E-01  0.0000E+00  0.0000E+00
  0.0000E+00  9.8714E-01  1.3460E-01  0.0000E+00  0.0000E+00
  0.0000E+00  9.8714E-01  1.3460E-01  0.0000E+00  0.0000E+00
  0.0000E+00  9.8714E-01  1.3460E-01  0.0000E+00  0.0000E+00
  0.0000E+00  3.8905E-01  6.2830E-01  0.0000E+00  0.0000E+00
  0.0000E+00  3.8905E-01  6.2830E-01  0.0000E+00  0.0000E+00
  0.0000E+00  3.8905E-01  6.2830E-01  0.0000E+00  0.0000E+00
  0.0000E+00  3.8905E-01  6.2830E-01  0.0000E+00  0.0000E+00
  0.0000E+00  3.8905E-01  6.2830E-01  0.0000E+00  0.0000E+00
  0.0000E+00  3.8905E-01  6.2830E-01  0.0000E+00  0.0000E+00
  0.0000E+00  1.2499E-01  3.7244E-01  0.0000E+00  0.0000E+00
  0.0000E+00  1.2499E-01  3.7244E-01  0.0000E+00  0.0000E+00
  0.0000E+00  1.2499E-01  3.7244E-01  0.0000E+00  0.0000E+00
  0.0000E+00  1.2499E-01  3.7244E-01  0.0000E+00  0.0000E+00
  0.0000E+00  1.2499E-01  3.7244E-01  0.0000E+00  0.0000E+00
  0.0000E+00  1.2499E-01  3.7244E-01  0.0000E+00  0.0000E+00
  0.0000E+00  6.9186E-01  1.1004E-01  0.0000E+00  0.0000E+00
  0.0000E+00  6.9186E-01  1.1004E-01  0.0000E+00  0.0000E+00
  0.0000E+00  6.9186E-01  1.1004E-01  0.0000E+00  0.0000E+00
  0.0000E+00  6.9186E-01  1.1004E-01  0.0000E+00  0.0000E+00
  0.0000E+00  6.9186E-01  1.1004E-01  0.0000E+00  0.0000E+00
  0.0000E+00  6.9186E-01  1.1004E-01  0.0000E+00  0.0000E+00
  0.0000E+00 -8.9440E-02  6.6610E-02  0.0000E+00  0.0000E+00
  0.0000E+00 -8.9440E-02  6.6610E-02  0.0000E+00  0.0000E+00
  0.0000E+00 -8.9440E-02  6.6610E-02  0.0000E+00  0.0000E+00
  0.0000E+00 -8.9440E-02  6.6610E-02  0.0000E+00  0.0000E+00
  0.0000E+00 -8.9440E-02  6.6610E-02  0.0000E+00  0.0000E+00
  0.0000E+00 -8.9440E-02  6.6610E-02  0.0000E+00  0.0000E+00
  0.0000E+00 -8.9440E-02  6.6610E-02  0.0000E+00  0.0000E+00
  0.0000E+00 -8.9440E-02  6.6610E-02  0.0000E+00  0.0000E+00
  0.0000E+00 -8.9440E-02  6.6610E-02  0.0000E+00  0.0000E+00
  0.0000E+00  4.4076E-01  1.3039E-01  0.0000E+00  0.0000E+00
  0.0000E+00  4.4076E-01  1.3039E-01  0.0000E+00  0.0000E+00
  0.0000E+00  4.4076E-01  1.3039E-01  0.0000E+00  0.0000E+00
  0.0000E+00  4.4076E-01  1.3039E-01  0.0000E+00  0.0000E+00
  0.0000E+00  4.4076E-01  1.3039E-01  0.0000E+00  0.0000E+00
  0.0000E+00  4.4076E-01  1.3039E-01  0.0000E+00  0.0000E+00
  0.0000E+00  4.4076E-01  1.3039E-01  0.0000E+00  0.0000E+00
  0.0000E+00  4.4076E-01  1.3039E-01  0.0000E+00  0.0000E+00
  0.0000E+00  4.4076E-01  1.3039E-01  0.0000E+00  0.0000E+00
  0.0000E+00  1.2236E-01 -2.8733E-02  0.0000E+00  0.0000E+00
  0.0000E+00  1.2236E-01 -2.8733E-02  0.0000E+00  0.0000E+00
  0.0000E+00  1.2236E-01 -2.8733E-02  0.0000E+00  0.0000E+00
  0.0000E+00  1.2236E-01 -2.8733E-02  0.0000E+00  0.0000E+00
  0.0000E+00  1.2236E-01 -2.8733E-02  0.0000E+00  0.0000E+00
  0.0000E+00  1.2236E-01 -2.8733E-02  0.0000E+00  0.0000E+00
  0.0000E+00  1.2236E-01 -2.8733E-02  0.0000E+00  0.0000E+00
  0.0000E+00  1.2236E-01 -2.8733E-02  0.0000E+00  0.0000E+00
  0.0000E+00  1.2236E-01 -2.8733E-02  0.0000E+00  0.0000E+00
  0.0000E+00 -1.8802E-02  2.3598E-01  0.0000E+00  0.0000E+00
  0.0000E+00 -1.8802E-02  2.3598E-01  0.0000E+00  0.0000E+00
  0.0000E+00 -1.8802E-02  2.3598E-01  0.0000E+00  0.0000E+00
  0.0000E+00 -1.8802E-02  2.3598E-01  0.0000E+00  0.0000E+00
  0.0000E+00 -1.8802E-02  2.3598E-01  0.0000E+00  0.0000E+00
  0.0000E+00 -1.8802E-02  2.3598E-01  0.0000E+00  0.0000E+00
  0.0000E+00 -1.8802E-02  2.3598E-01  0.0000E+00  0.0000E+00
  0.0000E+00 -1.8802E-02  2.3598E-01  0.0000E+00  0.0000E+00
  0.0000E+00 -1.8802E-02  2.3598E-01  0.0000E+00  0.0000E+00
  0.0000E+00 -1.1927E-01 -3.0418E-01  0.0000E+00  0.0000E+00
  0.0000E+00 -1.1927E-01 -3.0418E-01  0.0000E+00  0.0000E+00
  0.0000E+00 -1.1927E-01 -3.0418E-01  0.0000E+00  0.0000E+00
  0.0000E+00 -1.1927E-01 -3.0418E-01  0.0000E+00  0.0000E+00
  0.0000E+00 -1.1927E-01 -3.0418E-01  0.0000E+00  0.0000E+00
  0.0000E+00 -1.1927E-01 -3.0418E-01  0.0000E+00  0.0000E+00
  0.0000E+00 -1.1927E-01 -3.0418E-01  0.0000E+00  0.0000E+00
  0.0000E+00 -1.1927E-01 -3.0418E-01  0.0000E+00  0.0000E+00
  0.0000E+00 -1.1927E-01 -3.0418E-01  0.0000E+00  0.0000E+00
  0.0000E+00 -1.1927E-01 -3.0418E-01  0.0000E+00  0.0000E+00
  0.0000E+00 -4.8959E-01 -4.5768E-02  0.0000E+00  0.0000E+00
  0.0000E+00 -4.8959E-01 -4.5768E-02  0.0000E+00  0.0000E+00
  0.0000E+00 -4.8959E-01 -4.5768E-02  0.0000E+00  0.0000E+00
  0.0000E+00 -4.8959E-01 -4.5768E-02  0.0000E+00  0.0000E+00
  0.0000E+00 -4.8959E-01 -4.5768E-02  0.0000E+00  0.0000E+00
  0.0000E+00 -4.8959E-01 -4.5768E-02  0.0000E+00  0.0000E+00
  0.0000E+00 -4.8959E-01 -4.5768E-02  0.0000E+00  0.0000E+00
  0.0000E+00 -4.8959E-01 -4.5768E-02  0.0000E+00  0.0000E+00
  0.0000E+00  3.0504E-01 -1.4891E+00  0.0000E+00  0.0000E+00
  0.0000E+00  3.0504E-01 -1.4891E+00  0.0000E+00  0.0000E+00
  0.0000E+00  3.0504E-01 -1.4891E+00  0.0000E+00  0.0000E+00
  0.0000E+00  3.0504E-01 -1.4891E+00  0.0000E+00  0.0000E+00
  0.0000E+00  3.0504E-01 -1.4891E+00  0.0000E+00  0.0000E+00
  0.0000E+00  3.0504E-01 -1.4891E+00  0.0000E+00  0.0000E+00
  0.0000E+00  3.0504E-01 -1.4891E+00  0.0000E+00  0.0000E+00
  0.0000E+00  3.0504E-01 -1.4891E+00  0.0000E+00  0.0000E+00
  0.0000E+00  3.0504E-01 -1.4891E+00  0.0000E+00  0.0000E+00
  0.0000E+00  3.0504E-01 -1.4891E+00  0.0000E+00  0.0000E+00
  0.0000E+00  1.3493E-01  2.0158E-01  0.0000E+00  0.0000E+00
  0.0000E+00  1.3493E-01  2.0158E-01  0.0000E+00  0.0000E+00
  0.0000E+00  1.3493E-01  2.0158E-01  0.0000E+00  0.0000E+00
  0.0000E+00  1.3493E-01  2.0158E-01  0.0000E+00  0.0000E+00
  0.0000E+00  1.3493E-01  2.0158E-01  0.0000E+00  0.0000E+00
  0.0000E+00  1.3493E-01  2.0158E-01  0.0000E+00  0.0000E+00
  0.0000E+00  1.3493E-01  2.0158E-01  0.0000E+00  0.0000E+00
  0.0000E+00  1.3493E-01  2.0158E-01  0.0000E+00  0.0000E+00
  0.0000E+00  1.3493E-01  2.0158E-01  0.0000E+00  0.0000E+00
  0.0000E+00 -1.9319E-01 -8.7309E-02  0.0000E+00  0.0000E+00
  0.0000E+00 -1.9319E-01 -8.7309E-02  0.0000E+00  0.0000E+00
  0.0000E+00 -1.9319E-01 -8.7309E-02  0.0000E+00  0.0000E+00
  0.0000E+00 -1.9319E-01 -8.7309E-02  0.0000E+00  0.0000E+00
  0.0000E+00 -1.9319E-01 -8.7309E-02  0.0000E+00  0.0000E+00
  0.0000E+00 -1.9319E-01 -8.7309E-02  0.0000E+00  0.0000E+00
  0.0000E+00 -1.9319E-01 -8.7309E-02  0.0000E+00  0.0000E+00
  0.0000E+00 -1.9319E-01 -8.7309E-02  0.0000E+00  0.0000E+00
  0.0000E+00 -1.9319E-01 -8.7309E-02  0.0000E+00  0.0000E+00
  0.0000E+00 -5.8017E-02 -1.2667E-01  0.0000E+00  0.0000E+00
  0.0000E+00 -5.8017E-02 -1.2667E-01  0.0000E+00  0.0000E+00
  0.0000E+00 -5.8017E-02 -1.2667E-01  0.0000E+00  0.0000E+00
  0.0000E+00 -5.8017E-02 -1.2667E-01  0.0000E+00  0.0000E+00
  0.0000E+00 -5.8017E-02 -1.2667E-01  0.0000E+00  0.0000E+00
  0.0000E+00 -5.8017E-02 -1.2667E-01  0.0000E+00  0.0000E+00
  0.0000E+00 -5.8017E-02 -1.2667E-01  0.0000E+00  0.0000E+00
  0.0000E+00 -5.8017E-02 -1.2667E-01  0.0000E+00  0.0000E+00
  0.0000E+00 -5.8017E-02 -1.2667E-01  0.0000E+00  0.0000E+00
  0.0000E+00 -5.8017E-02 -1.2667E-01  0.0000E+00  0.0000E+00
  0.0000E+00  4.0449E-01 -7.3701E-01  0.0000E+00  0.0000E+00
  0.0000E+00  4.0449E-01 -7.3701E-01  0.0000E+00  0.0000E+00
  0.0000E+00  4.0449E-01 -7.3701E-01  0.0000E+00  0.0000E+00
  0.0000E+00  4.0449E-01 -7.3701E-01  0.0000E+00  0.0000E+00
  0.0000E+00  4.0449E-01 -7.3701E-01  0.0000E+00  0.0000E+00
  0.0000E+00  4.0449E-01 -7.3701E-01  0.0000E+00  0.0000E+00
  0.0000E+00  4.0449E-01 -7.3701E-01  0.0000E+00  0.0000E+00
  0.0000E+00  4.0449E-01 -7.3701E-01  0.0000E+00  0.0000E+00
  0.0000E+00  4.0449E-01 -7.3701E-01  0.0000E+00  0.0000E+00
  0.0000E+00  4.0449E-01 -7.3701E-01  0.0000E+00  0.0000E+00
  0.0000E+00  6.5406E-02 -8.0690E-01  0.0000E+00  0.0000E+00
  0.0000E+00  6.5406E-02 -8.0690E-01  0.0000E+00  0.0000E+00
  0.0000E+00  6.5406E-02 -8.0690E-01  0.0000E+00  0.0000E+00
  0.0000E+00  6.5406E-02 -8.0690E-01  0.0000E+00  0.0000E+00
  0.0000E+00  6.5406E-02 -8.0690E-01  0.0000E+00  0.0000E+00
  0.0000E+00  6.5406E-02 -8.0690E-01  0.0000E+00  0.0000E+00
  0.0000E+00  6.5406E-02 -8.0690E-01  0.0000E+00  0.0000E+00
  0.0000E+00  6.5406E-02 -8.0690E-01  0.0000E+00  0.0000E+00
  0.0000E+00  6.5406E-02 -8.0690E-01  0.0000E+00  0.0000E+00
  0.0000E+00  1.3005E-01  1.7809E-01  0.0000E+00  0.0000E+00
  0.0000E+00  1.3005E-01  1.7809E-01  0.0000E+00  0.0000E+00
  0.0000E+00  1.3005E-01  1.7809E-01  0.0000E+00  0.0000E+00
  0.0000E+00  1.3005E-01  1.7809E-01  0.0000E+00  0.0000E+00
  0.0000E+00  1.3005E-01  1.7809E-01  0.0000E+00  0.0000E+00
  0.0000E+00  1.3005E-01  1.7809E-01  0.0000E+00  0.0000E+00
  0.0000E+00  1.3005E-01  1.7809E-01  0.0000E+00  0.0000E+00
  0.0000E+00  1.3005E-01  1.7809E-01  0.0000E+00  0.0000E+00
  0.0000E+00 -1.1390E+00  8.0821E-01  0.0000E+00  0.0000E+00
  0.0000E+00 -1.1390E+00  8.0821E-01  0.0000E+00  0.0000E+00
  0.0000E+00 -1.1390E+00  8.0821E-01  0.0000E+00  0.0000E+00
  0.0000E+00 -1.1390E+00  8.0821E-01  0.0000E+00  0.0000E+00
  0.0000E+00 -1.1390E+00  8.0821E-01  0.0000E+00  0.0000E+00
  0.0000E+00 -1.1390E+00  8.0821E-01  0.0000E+00  0.0000E+00
  0.0000E+00 -4.4546E-01  2.8080E-03  0.0000E+00  0.0000E+00
  0.0000E+00 -4.4546E-01  2.8080E-03  0.0000E+00  0.0000E+00
  0.0000E+00 -4.4546E-01  2.8080E-03  0.0000E+00  0.0000E+00
  0.0000E+00 -4.4546E-01  2.8080E-03  0.0000E+00  0.0000E+00
  0.0000E+00 -4.4546E-01  2.8080E-03  0.0000E+00  0.0000E+00
  0.0000E+00 -4.4546E-01  2.8080E-03  0.0000E+00  0.0000E+00
  0.0000E+00 -4.4546E-01  2.8080E-03  0.0000E+00  0.0000E+00
  0.0000E+00 -4.4546E-01  2.8080E-03  0.0000E+00  0.0000E+00
  0.0000E+00  7.8329E-01 -6.7444E-02  0.0000E+00  0.0000E+00
  0.0000E+00  7.8329E-01 -6.7444E-02  0.0000E+00  0.0000E+00
  0.0000E+00  7.8329E-01 -6.7444E-02  0.0000E+00  0.0000E+00
  0.0000E+00  7.8329E-01 -6.7444E-02  0.0000E+00  0.0000E+00
  0.0000E+00  7.8329E-01 -6.7444E-02  0.0000E+00  0.0000E+00
  0.0000E+00  7.8329E-01 -6.7444E-02  0.0000E+00  0.0000E+00
  0.0000E+00  7.8329E-01 -6.7444E-02  0.0000E+00  0.0000E+00
  0.0000E+00  7.8329E-01 -6.7444E-02  0.0000E+00  0.0000E+00
  0.0000E+00  7.8329E-01 -6.7444E-02  0.0000E+00  0.0000E+00
  0.0000E+00 -5.3715E-01  7.3768E-01  0.0000E+00  0.0000E+00
  0.0000E+00 -5.3715E-01  7.3768E-01  0.0000E+00  0.0000E+00
  0.0000E+00 -5.3715E-01  7.3768E-01  0.0000E+00  0.0000E+00
  0.0000E+00 -5.3715E-01  7.3768E-01  0.0000E+00  0.0000E+00
  0.0000E+00 -5.3715E-01  7.3768E-01  0.0000E+00  0.0000E+00
  0.0000E+00  4.9788E-01  1.2045E-01  0.0000E+00  0.0000E+00
  0.0000E+00  4.9788E-01  1.2045E-01  0.0000E+00  0.0000E+00
  0.0000E+00  4.9788E-01  1.2045E-01  0.0000E+00  0.0000E+00
  0.0000E+00  4.9788E-01  1.2045E-01  0.0000E+00  0.0000E+00
  0.0000E+00  4.9788E-01  1.2045E-01  0.0000E+00  0.0000E+00
  0.0000E+00  4.9788E-01  1.2045E-01  0.0000E+00  0.0000E+00
  0.0000E+00  4.9788E-01  1.2045E-01  0.0000E+00  0.0000E+00
  0.0000E+00  4.9788E-01  1.2045E-01  0.0000E+00  0.0000E+00
  0.0000E+00  4.9788E-01  1.2045E-01  0.0000E+00  0.0000E+00
  0.0000E+00  1.7357E-01 -8.6217E-01  0.0000E+00  0.0000E+00
  0.0000E+00  1.7357E-01 -8.6217E-01  0.0000E+00  0.0000E+00
  0.0000E+00  1.7357E-01 -8.6217E-01  0.0000E+00  0.0000E+00
  0.0000E+00  1.7357E-01 -8.6217E-01  0.0000E+00  0.0000E+00
  0.0000E+00  1.7357E-01 -8.6217E-01  0.0000E+00  0.0000E+00
  0.0000E+00  1.7357E-01 -8.6217E-01  0.0000E+00  0.0000E+00
  0.0000E+00  1.7357E-01 -8.6217E-01  0.0000E+00  0.0000E+00
  0.0000E+00  1.7357E-01 -8.6217E-01  0.0000E+00  0.0000E+00
  0.0000E+00  1.7357E-01 -8.6217E-01  0.0000E+00  0.0000E+00
  0.0000E+00  1.7357E-01 -8.6217E-01  0.0000E+00  0.0000E+00
  0.0000E+00 -4.5985E-01  1.1379E-03  0.0000E+00  0.0000E+00
  0.0000E+00 -4.5985E-01  1.1379E-03  0.0000E+00  0.0000E+00
  0.0000E+00 -4.5985E-01  1.1379E-03  0.0000E+00  0.0000E+00
  0.0000E+00 -4.5985E-01  1.1379E-03  0.0000E+00  0.0000E+00
  0.0000E+00 -4.5985E-01  1.1379E-03  0.0000E+00  0.0000E+00
  0.0000E+00 -4.5985E-01  1.1379E-03  0.0000E+00  0.0000E+00
  0.0000E+00 -4.5985E-01  1.1379E-03  0.0000E+00  0.0000E+00
  0.0000E+00 -4.5985E-01  1.1379E-03  0.0000E+00  0.0000E+00
  0.0000E+00 -4.5985E-01  1.1379E-03  0.0000E+00  0.0000E+00
  0.0000E+00  7.2833E-01 -1.2605E-01  0.0000E+00  0.0000E+00
  0.0000E+00  7.2833E-01 -1.2605E-01  0.0000E+00  0.0000E+00
  0.0000E+00  7.2833E-01 -1.2605E-01  0.0000E+00  0.0000E+00
  0.0000E+00  7.2833E-01 -1.2605E-01  0.0000E+00  0.0000E+00
  0.0000E+00  7.2833E-01 -1.2605E-01  0.0000E+00  0.0000E+00
  0.0000E+00  7.2833E-01 -1.2605E-01  0.0000E+00  0.0000E+00
  0.0000E+00  7.2833E-01 -1.2605E-01  0.0000E+00  0.0000E+00
  0.0000E+00  7.2833E-01 -1.2605E-01  0.0000E+00  0.0000E+00
  0.0000E+00  7.2833E-01 -1.2605E-01  0.0000E+00  0.0000E+00
  0.0000E+00  7.2833E-01 -1.2605E-01  0.0000E+00  0.0000E+00
  0.0000E+00  1.0680E-01  4.1387E-01  0.0000E+00  0.0000E+00
  0.0000E+00  1.0680E-01  4.1387E-01  0.0000E+00  0.0000E+00
  0.0000E+00  1.0680E-01  4.1387E-01  0.0000E+00  0.0000E+00
  0.0000E+00  1.0680E-01  4.1387E-01  0.0000E+00  0.0000E+00
  0.0000E+00  1.0680E-01  4.1387E-01  0.0000E+00  0.0000E+00
  0.0000E+00  1.0680E-01  4.1387E-01  0.0000E+00  0.0000E+00
  0.0000E+00  1.0680E-01  4.1387E-01  0.0000E+00  0.0000E+00
  0.0000E+00  1.3014E-01 -8.0357E-01  0.0000E+00  0.0000E+00
  0.0000E+00  1.3014E-01 -8.0357E-01  0.0000E+00  0.0000E+00
  0.0000E+00  1.3014E-01 -8.0357E-01  0.0000E+00  0.0000E+00
  0.0000E+00  1.3014E-01 -8.0357E-01  0.0000E+00  0.0000E+00
  0.0000E+00  1.3014E-01 -8.0357E-01  0.0000E+00  0.0000E+00
  0.0000E+00  1.3014E-01 -8.0357E-01  0.0000E+00  0.0000E+00
  0.0000E+00  1.3014E-01 -8.0357E-01  0.0000E+00  0.0000E+00
  0.0000E+00  1.3014E-01 -8.0357E-01  0.0000E+00  0.0000E+00
  0.0000E+00  1.3014E-01 -8.0357E-01  0.0000E+00  0.0000E+00
  0.0000E+00  1.3014E-01 -8.0357E-01  0.0000E+00  0.0000E+00
  0.0000E+00 -7.2704E-02 -1.9214E-01  0.0000E+00  0.0000E+00
  0.0000E+00 -7.2704E-02 -1.9214E-01  0.0000E+00  0.0000E+00
  0.0000E+00 -7.2704E-02 -1.9214E-01  0.0000E+00  0.0000E+00
  0.0000E+00 -7.2704E-02 -1.9214E-01  0.0000E+00  0.0000E+00
  0.0000E+00 -7.2704E-02 -1.9214E-01  0.0000E+00  0.0000E+00
  0.0000E+00 -7.2704E-02 -1.9214E-01  0.0000E+00  0.0000E+00
  0.0000E+00 -7.2704E-02 -1.9214E-01  0.0000E+00  0.0000E+00
  0.0000E+00 -7.2704E-02 -1.9214E-01  0.0000E+00  0.0000E+00
  0.0000E+00 -7.2704E-02 -1.9214E-01  0.0000E+00  0.0000E+00
  0.0000E+00 -3.3442E-01 -3.0003E-02  0.0000E+00  0.0000E+00
  0.0000E+00 -3.3442E-01 -3.0003E-02  0.0000E+00  0.0000E+00
  0.0000E+00 -3.3442E-01 -3.0003E-02  0.0000E+00  0.0000E+00
  0.0000E+00 -3.3442E-01 -3.0003E-02  0.0000E+00  0.0000E+00
  0.0000E+00 -3.3442E-01 -3.0003E-02  0.0000E+00  0.0000E+00
  0.0000E+00 -3.3442E-01 -3.0003E-02  0.0000E+00  0.0000E+00
  0.0000E+00 -3.3442E-01 -3.0003E-02  0.0000E+00  0.0000E+00
  0.0000E+00 -3.3442E-01 -3.0003E-02  0.0000E+00  0.0000E+00
  0.0000E+00 -3.3442E-01 -3.0003E-02  0.0000E+00  0.0000E+00
  0.0000E+00 -1.7580E-01 -2.7268E-01  0.0000E+00  0.0000E+00
  0.0000E+00 -1.7580E-01 -2.7268E-01  0.0000E+00  0.0000E+00
  0.0000E+00 -1.7580E-01 -2.7268E-01  0.0000E+00  0.0000E+00
  0.0000E+00 -1.7580E-01 -2.7268E-01  0.0000E+00  0.0000E+00
  0.0000E+00 -1.7580E-01 -2.7268E-01  0.0000E+00  0.0000E+00
  0.0000E+00 -1.7580E-01 -2.7268E-01  0.0000E+00  0.0000E+00
  0.0000E+00 -1.7580E-01 -2.7268E-01  0.0000E+00  0.0000E+00
  0.0000E+00 -1.7580E-01 -2.7268E-01  0.0000E+00  0.0000E+00
  0.0000E+00  2.6632E-01  1.4904E-02  0.0000E+00  0.0000E+00
  0.0000E+00  2.6632E-01  1.4904E-02  0.0000E+00  0.0000E+00
  0.0000E+00  2.6632E-01  1.4904E-02  0.0000E+00  0.0000E+00
  0.0000E+00  2.6632E-01  1.4904E-02  0.0000E+00  0.0000E+00
  0.0000E+00  2.6632E-01  1.4904E-02  0.0000E+00  0.0000E+00
  0.0000E+00  2.6632E-01  1.4904E-02  0.0000E+00  0.0000E+00
  0.0000E+00  2.6632E-01  1.4904E-02  0.0000E+00  0.0000E+00
  0.0000E+00  2.6632E-01  1.4904E-02  0.0000E+00  0.0000E+00
  0.0000E+00  2.6632E-01  1.4904E-02  0.0000E+00  0.0000E+00
  0.0000E+00  3.1185E-02 -2.7917E-01  0.0000E+00  0.0000E+00
  0.0000E+00  3.1185E-02 -2.7917E-01  0.0000E+00  0.0000E+00
  0.0000E+00  3.1185E-02 -2.7917E-01  0.0000E+00  0.0000E+00
  0.0000E+00  3.1185E-02 -2.7917E-01  0.0000E+00  0.0000E+00
  0.0000E+00  3.1185E-02 -2.7917E-01  0.0000E+00  0.0000E+00
  0.0000E+00  3.1185E-02 -2.7917E-01  0.0000E+00  0.0000E+00
  0.0000E+00  3.1185E-02 -2.7917E-01  0.0000E+00  0.0000E+00
  0.0000E+00  3.1185E-02 -2.7917E-01  0.0000E+00  0.0000E+00
  0.0000E+00  3.1185E-02 -2.7917E-01  0.0000E+00  0.0000E+00
  0.0000E+00  3.1185E-02 -2.7917E-01  0.0000E+00  0.0000E+00
  0.0000E+00 -4.5833E-01  2.1593E-01  0.0000E+00  0.0000E+00
  0.0000E+00 -4.5833E-01  2.1593E-01  0.0000E+00  0.0000E+00
  0.0000E+00 -4.5833E-01  2.1593E-01  0.0000E+00  0.0000E+00
  0.0000E+00 -4.5833E-01  2.1593E-01  0.0000E+00  0.0000E+00
  0.0000E+00 -4.5833E-01  2.1593E-01  0.0000E+00  0.0000E+00
  0.0000E+00 -4.5833E-01  2.1593E-01  0.0000E+00  0.0000E+00
  0.0000E+00 -4.5833E-01  2.1593E-01  0.0000E+00  0.0000E+00
  0.0000E+00 -4.5833E-01  2.1593E-01  0.0000E+00  0.0000E+00
  0.0000E+00  1.7200E-01  5.9292E-01  0.0000E+00  0.0000E+00
  0.0000E+00  1.7200E-01  5.9292E-01  0.0000E+00  0.0000E+00
  0.0000E+00  1.7200E-01  5.9292E-01  0.0000E+00  0.0000E+00
  0.0000E+00  1.7200E-01  5.9292E-01  0.0000E+00  0.0000E+00
  0.0000E+00  1.7200E-01  5.9292E-01  0.0000E+00  0.0000E+00
  0.0000E+00  1.7200E-01  5.9292E-01  0.0000E+00  0.0000E+00
  0.0000E+00  1.7200E-01  5.9292E-01  0.0000E+00  0.0000E+00
  0.0000E+00  2.0045E-01 -1.1337E+00  0.0000E+00  0.0000E+00
  0.0000E+00  2.0045E-01 -1.1337E+00  0.0000E+00  0.0000E+00
  0.0000E+00  2.0045E-01 -1.1337E+00  0.0000E+00  0.0000E+00
  0.0000E+00  2.0045E-01 -1.1337E+00  0.0000E+00  0.0000E+00
  0.0000E+00  2.0045E-01 -1.1337E+00  0.0000E+00  0.0000E+00
  0.0000E+00  2.0045E-01 -1.1337E+00  0.0000E+00  0.0000E+00
  0.0000E+00  2.0045E-01 -1.1337E+00  0.0000E+00  0.0000E+00
  0.0000E+00  2.0045E-01 -1.1337E+00  0.0000E+00  0.0000E+00
  0.0000E+00  2.0045E-01 -1.1337E+00  0.0000E+00  0.0000E+00
  0.0000E+00  2.0045E-01 -1.1337E+00  0.0000E+00  0.0000E+00
  0.0000E+00  2.2803E-01 -2.3163E-01  0.0000E+00  0.0000E+00
  0.0000E+00  2.2803E-01 -2.3163E-01  0.0000E+00  0.0000E+00
  0.0000E+00  2.2803E-01 -2.3163E-01  0.0000E+00  0.0000E+00
  0.0000E+00  2.2803E-01 -2.3163E-01  0.0000E+00  0.0000E+00
  0.0000E+00  2.2803E-01 -2.3163E-01  0.0000E+00  0.0000E+00
  0.0000E+00  2.2803E-01 -2.3163E-01  0.0000E+00  0.0000E+00
  0.0000E+00  2.2803E-01 -2.3163E-01  0.0000E+00  0.0000E+00
  0.0000E+00  2.2803E-01 -2.3163E-01  0.0000E+00  0.0000E+00
  0.0000E+00  2.2803E-01 -2.3163E-01  0.0000E+00  0.0000E+00
  0.0000E+00  2.2803E-01 -2.3163E-01  0.0000E+00  0.0000E+00
  0.0000E+00 -8.3765E-01  9.0755E-01  0.0000E+00  0.0000E+00
  0.0000E+00 -8.3765E-01  9.0755E-01  0.0000E+00  0.0000E+00
  0.0000E+00 -8.3765E-01  9.0755E-01  0.0000E+00  0.0000E+00
  0.0000E+00 -8.3765E-01  9.0755E-01  0.0000E+00  0.0000E+00
  0.0000E+00 -8.3765E-01  9.0755E-01  0.0000E+00  0.0000E+00
  0.0000E+00 -8.3765E-01  9.0755E-01  0.0000E+00  0.0000E+00
  0.0000E+00 -8.3765E-01  9.0755E-01  0.0000E+00  0.0000E+00
  0.0000E+00 -8.3765E-01  9.0755E-01  0.0000E+00  0.0000E+00
  0.0000E+00 -8.3765E-01  9.0755E-01  0.0000E+00  0.0000E+00
  0.0000E+00  2.7426E-01 -2.7995E-01  0.0000E+00  0.0000E+00
  0.0000E+00  2.7426E-01 -2.7995E-01  0.0000E+00  0.0000E+00
  0.0000E+00  2.7426E-01 -2.7995E-01  0.0000E+00  0.0000E+00
  0.0000E+00  2.7426E-01 -2.7995E-01  0.0000E+00  0.0000E+00
  0.0000E+00  2.7426E-01 -2.7995E-01  0.0000E+00  0.0000E+00
  0.0000E+00  2.7426E-01 -2.7995E-01  0.0000E+00  0.0000E+00
  0.0000E+00  2.7426E-01 -2.7995E-01  0.0000E+00  0.0000E+00
  0.0000E+00  2.7426E-01 -2.7995E-01  0.0000E+00  0.0000E+00
  0.0000E+00  2.7426E-01 -2.7995E-01  0.0000E+00  0.0000E+00
  0.0000E+00  2.7426E-01 -2.7995E-01  0.0000E+00  0.0000E+00
  0.0000E+00  2.9922E-01  6.9839E-02  0.0000E+00  0.0000E+00
  0.0000E+00  2.9922E-01  6.9839E-02  0.0000E+00  0.0000E+00
  0.0000E+00  2.9922E-01  6.9839E-02  0.0000E+00  0.0000E+00
  0.0000E+00  2.9922E-01  6.9839E-02  0.0000E+00  0.0000E+00
  0.0000E+00  2.9922E-01  6.9839E-02  0.0000E+00  0.0000E+00
  0.0000E+00  2.9922E-01  6.9839E-02  0.0000E+00  0.0000E+00
  0.0000E+00  2.9922E-01  6.9839E-02  0.0000E+00  0.0000E+00
  0.0000E+00  2.9922E-01  6.9839E-02  0.0000E+00  0.0000E+00
  0.0000E+00  2.9922E-01  6.9839E-02  0.0000E+00  0.0000E+00
  0.0000E+00  2.9922E-01  6.9839E-02  0.0000E+00  0.0000E+00
  0.0000E+00 -6.5427E-02  9.4375E-01  0.0000E+00  0.0000E+00
  0.0000E+00 -6.5427E-02  9.4375E-01  0.0000E+00  0.0000E+00
  0.0000E+00 -6.5427E-02  9.4375E-01  0.0000E+00  0.0000E+00
  0.0000E+00 -6.5427E-02  9.4375E-01  0.0000E+00  0.0000E+00
  0.0000E+00 -6.5427E-02  9.4375E-01  0.0000E+00  0.0000E+00
  0.0000E+00 -6.5427E-02  9.4375E-01  0.0000E+00  0.0000E+00
  0.0000E+00 -6.5427E-02  9.4375E-01  0.0000E+00  0.0000E+00
  0.0000E+00 -5.2478E-01 -1.4918E-01  0.0000E+00  0.0000E+00
  0.0000E+00 -5.2478E-01 -1.4918E-01  0.0000E+00  0.0000E+00
  0.0000E+00 -5.2478E-01 -1.4918E-01  0.0000E+00  0.0000E+00
  0.0000E+00 -5.2478E-01 -1.4918E-01  0.0000E+00  0.0000E+00
  0.0000E+00 -5.2478E-01 -1.4918E-01  0.0000E+00  0.0000E+00
  0.0000E+00 -5.2478E-01 -1.4918E-01  0.0000E+00  0.0000E+00
  0.0000E+00 -5.2478E-01 -1.4918E-01  0.0000E+00  0.0000E+00
  0.0000E+00 -5.2478E-01 -1.4918E-01  0.0000E+00  0.0000E+00
  0.0000E+00 -5.2478E-01 -1.4918E-01  0.0000E+00  0.0000E+00
  0.0000E+00 -5.2478E-01 -1.4918E-01  0.0000E+00  0.0000E+00
  0.0000E+00  7.6698E-02  2.5095E-02  0.0000E+00  0.0000E+00
  0.0000E+00  7.6698E-02  2.5095E-02  0.0000E+00  0.0000E+00
  0.0000E+00  7.6698E-02  2.5095E-02  0.0000E+00  0.0000E+00
  0.0000E+00  7.6698E-02  2.5095E-02  0.0000E+00  0.0000E+00
  0.0000E+00  7.6698E-02  2.5095E-02  0.0000E+00  0.0000E+00
  0.0000E+00  7.6698E-02  2.5095E-02  0.0000E+00  0.0000E+00
  0.0000E+00  7.6698E-02  2.5095E-02  0.0000E+00  0.0000E+00
  0.0000E+00  7.6698E-02  2.5095E-02  0.0000E+00  0.0000E+00
  0.0000E+00  7.6698E-02  2.5095E-02  0.0000E+00  0.0000E+00
  0.0000E+00  7.6698E-02  2.5095E-02  0.0000E+00  0.0000E+00
  0.0000E+00  9.7413E-02 -1.4925E-01  0.0000E+00  0.0000E+00
  0.0000E+00  9.7413E-02 -1.4925E-01  0.0000E+00  0.0000E+00
  0.0000E+00  9.7413E-02 -1.4925E-01  0.0000E+00  0.0000E+00
  0.0000E+00  9.7413E-02 -1.4925E-01  0.0000E+00  0.0000E+00
  0.0000E+00  9.7413E-02 -1.4925E-01  0.0000E+00  0.0000E+00
  0.0000E+00  9.7413E-02 -1.4925E-01  0.0000E+00  0.0000E+00
  0.0000E+00  9.7413E-02 -1.4925E-01  0.0000E+00  0.0000E+00
  0.0000E+00  9.7413E-02 -1.4925E-01  0.0000E+00  0.0000E+00
  0.0000E+00  9.7413E-02 -1.4925E-01  0.0000E+00  0.0000E+00
  0.0000E+00  9.7413E-02 -1.4925E-01  0.0000E+00  0.0000E+00
  0.0000E+00 -1.1377E-01  1.0681E+00  0.0000E+00  0.0000E+00
  0.0000E+00 -1.1377E-01  1.0681E+00  0.0000E+00  0.0000E+00
  0.0000E+00 -1.1377E-01  1.0681E+00  0.0000E+00  0.0000E+00
  0.0000E+00 -1.1377E-01  1.0681E+00  0.0000E+00  0.0000E+00
  0.0000E+00 -1.1377E-01  1.0681E+00  0.0000E+00  0.0000E+00
  0.0000E+00 -1.1377E-01  1.0681E+00  0.0000E+00  0.0000E+00
  0.0000E+00 -1.1377E-01  1.0681E+00  0.0000E+00  0.0000E+00
  0.0000E+00 -3.7460E-01 -1.5794E-01  0.0000E+00  0.0000E+00
  0.0000E+00 -3.7460E-01 -1.5794E-01  0.0000E+00  0.0000E+00
  0.0000E+00 -3.7460E-01 -1.5794E-01  0.0000E+00  0.0000E+00
  0.0000E+00 -3.7460E-01 -1.5794E-01  0.0000E+00  0.0000E+00
  0.0000E+00 -3.7460E-01 -1.5794E-01  0.0000E+00  0.0000E+00
  0.0000E+00 -3.7460E-01 -1.5794E-01  0.0000E+00  0.0000E+00
  0.0000E+00 -3.7460E-01 -1.5794E-01  0.0000E+00  0.0000E+00
  0.0000E+00 -3.7460E-01 -1.5794E-01  0.0000E+00  0.0000E+00
  0.0000E+00 -3.7460E-01 -1.5794E-01  0.0000E+00  0.0000E+00
  0.0000E+00 -3.7460E-01 -1.5794E-01  0.0000E+00  0.0000E+00
  0.0000E+00  4.2260E-01  1.0570E+00  0.0000E+00  0.0000E+00
  0.0000E+00  4.2260E-01  1.0570E+00  0.0000E+00  0.0000E+00
  0.0000E+00  4.2260E-01  1.0570E+00  0.0000E+00  0.0000E+00
  0.0000E+00  4.2260E-01  1.0570E+00  0.0000E+00  0.0000E+00
  0.0000E+00  4.2260E-01  1.0570E+00  0.0000E+00  0.0000E+00
  0.0000E+00  4.2260E-01  1.0570E+00  0.0000E+00  0.0000E+00
  0.0000E+00  4.2260E-01  1.0570E+00  0.0000E+00  0.0000E+00
  0.0000E+00  4.2260E-01  1.0570E+00  0.0000E+00  0.0000E+00
  0.0000E+00  4.2121E-01  5.3125E-01  0.0000E+00  0.0000E+00
  0.0000E+00  4.2121E-01  5.3125E-01  0.0000E+00  0.0000E+00
  0.0000E+00  4.2121E-01  5.3125E-01  0.0000E+00  0.0000E+00
  0.0000E+00  4.2121E-01  5.3125E-01  0.0000E+00  0.0000E+00
  0.0000E+00  4.2121E-01  5.3125E-01  0.0000E+00  0.0000E+00
  0.0000E+00  4.2121E-01  5.3125E-01  0.0000E+00  0.0000E+00
  0.0000E+00  4.2121E-01  5.3125E-01  0.0000E+00  0.0000E+00
  0.0000E+00  4.2121E-01  5.3125E-01  0.0000E+00  0.0000E+00
  0.0000E+00  4.2121E-01  5.3125E-01  0.0000E+00  0.0000E+00
  0.0000E+00  4.2121E-01  5.3125E-01  0.0000E+00  0.0000E+00
  0.0000E+00 -8.4012E-02 -2.3426E-01  0.0000E+00  0.0000E+00
  0.0000E+00 -8.4012E-02 -2.3426E-01  0.0000E+00  0.0000E+00
  0.0000E+00 -8.4012E-02 -2.3426E-01  0.0000E+00  0.0000E+00
  0.0000E+00 -8.4012E-02 -2.3426E-01  0.0000E+00  0.0000E+00
  0.0000E+00 -8.4012E-02 -2.3426E-01  0.0000E+00  0.0000E+00
  0.0000E+00 -8.4012E-02 -2.3426E-01  0.0000E+00  0.0000E+00
  0.0000E+00 -8.4012E-02 -2.3426E-01  0.0000E+00  0.0000E+00
  0.0000E+00 -8.4012E-02 -2.3426E-01  0.0000E+00  0.0000E+00
  0.0000E+00 -8.4012E-02 -2.3426E-01  0.0000E+00  0.0000E+00
  0.0000E+00 -8.4012E-02 -2.3426E-01  0.0000E+00  0.0000E+00
  0.0000E+00 -1.6631E-01  7.5786E-01  0.0000E+00  0.0000E+00
  0.0000E+00 -1.6631E-01  7.5786E-01  0.0000E+00  0.0000E+00
  0.0000E+00 -1.6631E-01  7.5786E-01  0.0000E+00  0.0000E+00
  0.0000E+00 -1.6631E-01  7.5786E-01  0.0000E+00  0.0000E+00
  0.0000E+00 -1.6631E-01  7.5786E-01  0.0000E+00  0.0000E+00
  0.0000E+00 -1.6631E-01  7.5786E-01  0.0000E+00  0.0000E+00
  0.0000E+00 -1.6631E-01  7.5786E-01  0.0000E+00  0.0000E+00
  0.0000E+00 -1.6631E-01  7.5786E-01  0.0000E+00  0.0000E+00
  0.0000E+00 -1.1643E-01  5.6518E-01  0.0000E+00  0.0000E+00
  0.0000E+00 -1.1643E-01  5.6518E-01  0.0000E+00  0.0000E+00
  0.0000E+00 -1.1643E-01  5.6518E-01  0.0000E+00  0.0000E+00
  0.0000E+00 -1.1643E-01  5.6518E-01  0.0000E+00  0.0000E+00
  0.0000E+00 -1.1643E-01  5.6518E-01  0.0000E+00  0.0000E+00
  0.0000E+00 -1.1643E-01  5.6518E-01  0.0000E+00  0.0000E+00
  0.0000E+00 -1.1643E-01  5.6518E-01  0.0000E+00  0.0000E+00
  0.0000E+00 -1.1643E-01  5.6518E-01  0.0000E+00  0.0000E+00
  0.0000E+00 -1.1643E-01  5.6518E-01  0.0000E+00  0.0000E+00
  0.0000E+00 -1.1643E-01  5.6518E-01  0.0000E+00  0.0000E+00
  0.0000E+00 -2.6000E-01  5.4617E-01  0.0000E+00  0.0000E+00
  0.0000E+00 -2.6000E-01  5.4617E-01  0.0000E+00  0.0000E+00
  0.0000E+00 -2.6000E-01  5.4617E-01  0.0000E+00  0.0000E+00
  0.0000E+00 -2.6000E-01  5.4617E-01  0.0000E+00  0.0000E+00
  0.0000E+00 -2.6000E-01  5.4617E-01  0.0000E+00  0.0000E+00
  0.0000E+00 -2.6000E-01  5.4617E-01  0.0000E+00  0.0000E+00
  0.0000E+00 -2.6000E-01  5.4617E-01  0.0000E+00  0.0000E+00
  0.0000E+00 -2.6000E-01  5.4617E-01  0.0000E+00  0.0000E+00
  0.0000E+00 -2.6000E-01  5.4617E-01  0.0000E+00  0.0000E+00
  0.0000E+00 -2.6000E-01  5.4617E-01  0.0000E+00  0.0000E+00
  0.0000E+00 -4.1046E-01  2.2873E-01  0.0000E+00  0.0000E+00
  0.0000E+00 -4.1046E-01  2.2873E-01  0.0000E+00  0.0000E+00
  0.0000E+00 -4.1046E-01  2.2873E-01  0.0000E+00  0.0000E+00
  0.0000E+00 -4.1046E-01  2.2873E-01  0.0000E+00  0.0000E+00
  0.0000E+00 -4.1046E-01  2.2873E-01  0.0000E+00  0.0000E+00
  0.0000E+00 -4.1046E-01  2.2873E-01  0.0000E+00  0.0000E+00
  0.0000E+00 -4.1046E-01  2.2873E-01  0.0000E+00  0.0000E+00
  0.0000E+00 -4.1046E-01  2.2873E-01  0.0000E+00  0.0000E+00
  0.0000E+00 -4.1046E-01  2.2873E-01  0.0000E+00  0.0000E+00
  0.0000E+00 -4.1046E-01  2.2873E-01  0.0000E+00  0.0000E+00
  0.0000E+00  2.3678E-01 -1.3711E-01  0.0000E+00  0.0000E+00
  0.0000E+00  2.3678E-01 -1.3711E-01  0.0000E+00  0.0000E+00
  0.0000E+00  2.3678E-01 -1.3711E-01  0.0000E+00  0.0000E+00
  0.0000E+00  2.3678E-01 -1.3711E-01  0.0000E+00  0.0000E+00
  0.0000E+00  2.3678E-01 -1.3711E-01  0.0000E+00  0.0000E+00
  0.0000E+00  2.3678E-01 -1.3711E-01  0.0000E+00  0.0000E+00
  0.0000E+00  2.3678E-01 -1.3711E-01  0.0000E+00  0.0000E+00
  0.0000E+00  2.3678E-01 -1.3711E-01  0.0000E+00  0.0000E+00
  0.0000E+00  2.3678E-01 -1.3711E-01  0.0000E+00  0.0000E+00
  0.0000E+00  2.3678E-01 -1.3711E-01  0.0000E+00  0.0000E+00
  0.0000E+00  1.0856E-01  6.9660E-01  0.0000E+00  0.0000E+00
  0.0000E+00  1.0856E-01  6.9660E-01  0.0000E+00  0.0000E+00
  0.0000E+00  1.0856E-01  6.9660E-01  0.0000E+00  0.0000E+00
  0.0000E+00  1.0856E-01  6.9660E-01  0.0000E+00  0.0000E+00
  0.0000E+00  1.0856E-01  6.9660E-01  0.0000E+00  0.0000E+00
  0.0000E+00  1.0856E-01  6.9660E-01  0.0000E+00  0.0000E+00
  0.0000E+00  1.0856E-01  6.9660E-01  0.0000E+00  0.0000E+00
  0.0000E+00  1.0856E-01  6.9660E-01  0.0000E+00  0.0000E+00
  0.0000E+00  4.4784E-01 -2.7118E-01  0.0000E+00  0.0000E+00
  0.0000E+00  4.4784E-01 -2.7118E-01  0.0000E+00  0.0000E+00
  0.0000E+00  4.4784E-01 -2.7118E-01  0.0000E+00  0.0000E+00
  0.0000E+00  4.4784E-01 -2.7118E-01  0.0000E+00  0.0000E+00
  0.0000E+00  4.4784E-01 -2.7118E-01  0.0000E+00  0.0000E+00
  0.0000E+00  4.4784E-01 -2.7118E-01  0.0000E+00  0.0000E+00
  0.0000E+00  4.4784E-01 -2.7118E-01  0.0000E+00  0.0000E+00
  0.0000E+00  4.4784E-01 -2.7118E-01  0.0000E+00  0.0000E+00
  0.0000E+00  4.4784E-01 -2.7118E-01  0.0000E+00  0.0000E+00
  0.0000E+00  4.4784E-01 -2.7118E-01  0.0000E+00  0.0000E+00
  0.0000E+00 -2.1812E-01  8.8304E-01  0.0000E+00  0.0000E+00
  0.0000E+00 -2.1812E-01  8.8304E-01  0.0000E+00  0.0000E+00
  0.0000E+00 -2.1812E-01  8.8304E-01  0.0000E+00  0.0000E+00
  0.0000E+00 -2.1812E-01  8.8304E-01  0.0000E+00  0.0000E+00
  0.0000E+00 -2.1812E-01  8.8304E-01  0.0000E+00  0.0000E+00
  0.0000E+00 -2.1812E-01  8.8304E-01  0.0000E+00  0.0000E+00
  0.0000E+00 -2.1812E-01  8.8304E-01  0.0000E+00  0.0000E+00
  0.0000E+00 -2.1812E-01  8.8304E-01  0.0000E+00  0.0000E+00
  0.0000E+00 -5.4937E-01  1.9833E-01  0.0000E+00  0.0000E+00
  0.0000E+00 -5.4937E-01  1.9833E-01  0.0000E+00  0.0000E+00
  0.0000E+00 -5.4937E-01  1.9833E-01  0.0000E+00  0.0000E+00
  0.0000E+00 -5.4937E-01  1.9833E-01  0.0000E+00  0.0000E+00
  0.0000E+00 -5.4937E-01  1.9833E-01  0.0000E+00  0.0000E+00
  0.0000E+00 -5.4937E-01  1.9833E-01  0.0000E+00  0.0000E+00
  0.0000E+00 -5.4937E-01  1.9833E-01  0.0000E+00  0.0000E+00
  0.0000E+00 -5.4937E-01  1.9833E-01  0.0000E+00  0.0000E+00
  0.0000E+00 -5.4937E-01  1.9833E-01  0.0000E+00  0.0000E+00
  0.0000E+00 -5.4937E-01  1.9833E-01  0.0000E+00  0.0000E+00
  0.0000E+00 -1.2841E-01  5.6823E-02  0.0000E+00  0.0000E+00
  0.0000E+00 -1.2841E-01  5.6823E-02  0.0000E+00  0.0000E+00
  0.0000E+00 -1.2841E-01  5.6823E-02  0.0000E+00  0.0000E+00
  0.0000E+00 -1.2841E-01  5.6823E-02  0.0000E+00  0.0000E+00
  0.0000E+00 -1.2841E-01  5.6823E-02  0.0000E+00  0.0000E+00
  0.0000E+00 -1.2841E-01  5.6823E-02  0.0000E+00  0.0000E+00
  0.0000E+00 -1.2841E-01  5.6823E-02  0.0000E+00  0.0000E+00
  0.0000E+00 -1.2841E-01  5.6823E-02  0.0000E+00  0.0000E+00
  0.0000E+00 -1.2841E-01  5.6823E-02  0.0000E+00  0.0000E+00
  0.0000E+00 -1.2841E-01  5.6823E-02  0.0000E+00  0.0000E+00
  0.0000E+00 -6.0708E-01  3.2576E-01  0.0000E+00  0.0000E+00
  0.0000E+00 -6.0708E-01  3.2576E-01  0.0000E+00  0.0000E+00
  0.0000E+00 -6.0708E-01  3.2576E-01  0.0000E+00  0.0000E+00
  0.0000E+00 -6.0708E-01  3.2576E-01  0.0000E+00  0.0000E+00
  0.0000E+00 -6.0708E-01  3.2576E-01  0.0000E+00  0.0000E+00
  0.0000E+00 -6.0708E-01  3.2576E-01  0.0000E+00  0.0000E+00
  0.0000E+00 -6.0708E-01  3.2576E-01  0.0000E+00  0.0000E+00
  0.0000E+00 -6.0708E-01  3.2576E-01  0.0000E+00  0.0000E+00
  0.0000E+00 -6.0708E-01  3.2576E-01  0.0000E+00  0.0000E+00
  0.0000E+00 -2.1092E-02 -3.2246E-01  0.0000E+00  0.0000E+00
  0.0000E+00 -2.1092E-02 -3.2246E-01  0.0000E+00  0.0000E+00
  0.0000E+00 -2.1092E-02 -3.2246E-01  0.0000E+00  0.0000E+00
  0.0000E+00 -2.1092E-02 -3.2246E-01  0.0000E+00  0.0000E+00
  0.0000E+00 -2.1092E-02 -3.2246E-01  0.0000E+00  0.0000E+00
  0.0000E+00 -2.1092E-02 -3.2246E-01  0.0000E+00  0.0000E+00
  0.0000E+00 -2.1092E-02 -3.2246E-01  0.0000E+00  0.0000E+00
  0.0000E+00 -2.1092E-02 -3.2246E-01  0.0000E+00  0.0000E+00
  0.0000E+00 -2.1092E-02 -3.2246E-01  0.0000E+00  0.0000E+00
  0.0000E+00 -2.1092E-02 -3.2246E-01  0.0000E+00  0.0000E+00
  0.0000E+00  2.5534E-01 -2.6195E-02  0.0000E+00  0.0000E+00
  0.0000E+00  2.5534E-01 -2.6195E-02  0.0000E+00  0.0000E+00
  0.0000E+00  2.5534E-01 -2.6195E-02  0.0000E+00  0.0000E+00
  0.0000E+00  2.5534E-01 -2.6195E-02  0.0000E+00  0.0000E+00
  0.0000E+00  2.5534E-01 -2.6195E-02  0.0000E+00  0.0000E+00
  0.0000E+00  2.5534E-01 -2.6195E-02  0.0000E+00  0.0000E+00
  0.0000E+00  2.5534E-01 -2.6195E-02  0.0000E+00  0.0000E+00
  0.0000E+00  2.5534E-01 -2.6195E-02  0.0000E+00  0.0000E+00
  0.0000E+00  2.5534E-01 -2.6195E-02  0.0000E+00  0.0000E+00
  0.0000E+00  2.5534E-01 -2.6195E-02  0.0000E+00  0.0000E+00
  0.0000E+00 -1.9963E-01  4.4685E-01  0.0000E+00  0.0000E+00
  0.0000E+00 -1.9963E-01  4.4685E-01  0.0000E+00  0.0000E+00
  0.0000E+00 -1.9963E-01  4.4685E-01  0.0000E+00  0.0000E+00
  0.0000E+00 -1.9963E-01  4.4685E-01  0.0000E+00  0.0000E+00
  0.0000E+00 -1.9963E-01  4.4685E-01  0.0000E+00  0.0000E+00
  0.0000E+00 -1.9963E-01  4.4685E-01  0.0000E+00  0.0000E+00
  0.0000E+00 -1.9963E-01  4.4685E-01  0.0000E+00  0.0000E+00
  0.0000E+00 -1.9963E-01  4.4685E-01  0.0000E+00  0.0000E+00
  0.0000E+00 -1.9963E-01  4.4685E-01  0.0000E+00  0.0000E+00
  0.0000E+00 -1.9963E-01  4.4685E-01  0.0000E+00  0.0000E+00
  0.0000E+00 -5.2426E-01 -2.4371E-01  0.0000E+00  0.0000E+00
  0.0000E+00 -5.2426E-01 -2.4371E-01  0.0000E+00  0.0000E+00
  0.0000E+00 -5.2426E-01 -2.4371E-01  0.0000E+00  0.0000E+00
  0.0000E+00 -5.2426E-01 -2.4371E-01  0.0000E+00  0.0000E+00
  0.0000E+00 -5.2426E-01 -2.4371E-01  0.0000E+00  0.0000E+00
  0.0000E+00 -5.2426E-01 -2.4371E-01  0.0000E+00  0.0000E+00
  0.0000E+00 -5.2426E-01 -2.4371E-01  0.0000E+00  0.0000E+00
  0.0000E+00 -5.2426E-01 -2.4371E-01  0.0000E+00  0.0000E+00
  0.0000E+00 -5.2426E-01 -2.4371E-01  0.0000E+00  0.0000E+00
  0.0000E+00 -5.2426E-01 -2.4371E-01  0.0000E+00  0.0000E+00
  0.0000E+00  3.0858E-01  6.9477E-01  0.0000E+00  0.0000E+00
  0.0000E+00  3.0858E-01  6.9477E-01  0.0000E+00  0.0000E+00
  0.0000E+00  3.0858E-01  6.9477E-01  0.0000E+00  0.0000E+00
  0.0000E+00  3.0858E-01  6.9477E-01  0.0000E+00  0.0000E+00
  0.0000E+00  3.0858E-01  6.9477E-01  0.0000E+00  0.0000E+00
  0.0000E+00  3.0858E-01  6.9477E-01  0.0000E+00  0.0000E+00
  0.0000E+00  3.0858E-01  6.9477E-01  0.0000E+00  0.0000E+00
  0.0000E+00  3.0858E-01  6.9477E-01  0.0000E+00  0.0000E+00
  0.0000E+00  3.0858E-01  6.9477E-01  0.0000E+00  0.0000E+00
  0.0000E+00  3.0858E-01  6.9477E-01  0.0000E+00  0.0000E+00
