TABLE NO.  1
 KA          V2          CL          V3          Q           IPRED       DV          PRED        RES         WRES
  9.0000E-01  4.2000E+00  3.6000E+00  5.8100E+00  3.4400E+00  0.0000E+00  5.7728E-02  0.0000E+00  5.7728E-02  4.9639E-02
  9.0000E-01  4.2000E+00  3.6000E+00  5.8100E+00  3.4400E+00  0.0000E+00  5.3046E-02  0.0000E+00  5.3046E-02  4.5613E-02
  9.0000E-01  4.2000E+00  3.6000E+00  5.8100E+00  3.4400E+00  0.0000E+00  5.5448E-02  0.0000E+00  5.5448E-02  4.7678E-02
  9.0000E-01  4.2000E+00  3.6000E+00  5.8100E+00  3.4400E+00  0.0000E+00  6.1782E-02  0.0000E+00  6.1782E-02  5.3125E-02
  9.0000E-01  4.2000E+00  3.6000E+00  5.8100E+00  3.4400E+00  0.0000E+00  8.7176E-02  0.0000E+00  8.7176E-02  7.4960E-02
  9.0000E-01  4.2000E+00  3.6000E+00  5.8100E+00  3.4400E+00  0.0000E+00  6.1108E-02  0.0000E+00  6.1108E-02  5.2545E-02
  9.0000E-01  4.2000E+00  3.6000E+00  5.8100E+00  3.4400E+00  0.0000E+00  5.8852E-02  0.0000E+00  5.8852E-02  5.0605E-02
  9.0000E-01  4.2000E+00  3.6000E+00  5.8100E+00  3.4400E+00  0.0000E+00  6.5172E-02  0.0000E+00  6.5172E-02  5.6040E-02
  9.0000E-01  4.2000E+00  3.6000E+00  5.8100E+00  3.4400E+00  0.0000E+00  8.5506E-02  0.0000E+00  8.5506E-02  7.3524E-02
  9.0000E-01  4.2000E+00  3.6000E+00  5.8100E+00  3.4400E+00  0.0000E+00  6.3257E-02  0.0000E+00  6.3257E-02  5.4393E-02
  9.0000E-01  4.2000E+00  3.6000E+00  5.8100E+00  3.4400E+00  0.0000E+00  7.3687E-02  0.0000E+00  7.3687E-02  6.3361E-02
  9.0000E-01  4.2000E+00  3.6000E+00  5.8100E+00  3.4400E+00  0.0000E+00  1.8979E-01  0.0000E+00  1.8979E-01  1.6319E-01
  9.0000E-01  4.2000E+00  3.6000E+00  5.8100E+00  3.4400E+00  0.0000E+00  1.3310E-01  0.0000E+00  1.3310E-01  1.1445E-01
  9.0000E-01  4.2000E+00  3.6000E+00  5.8100E+00  3.4400E+00  0.0000E+00  9.7183E-02  0.0000E+00  9.7183E-02  8.3565E-02
  9.0000E-01  4.2000E+00  3.6000E+00  5.8100E+00  3.4400E+00  0.0000E+00  8.4462E-02  0.0000E+00  8.4462E-02  7.2626E-02
  9.0000E-01  4.2000E+00  3.6000E+00  5.8100E+00  3.4400E+00  0.0000E+00  9.9815E-02  0.0000E+00  9.9815E-02  8.5828E-02
  9.0000E-01  4.2000E+00  3.6000E+00  5.8100E+00  3.4400E+00  0.0000E+00  7.5575E-02  0.0000E+00  7.5575E-02  6.4985E-02
  9.0000E-01  4.2000E+00  3.6000E+00  5.8100E+00  3.4400E+00  0.0000E+00  6.2657E-02  0.0000E+00  6.2657E-02  5.3877E-02
  9.0000E-01  4.2000E+00  3.6000E+00  5.8100E+00  3.4400E+00  0.0000E+00  6.3535E-02  0.0000E+00  6.3535E-02  5.4632E-02
  9.0000E-01  4.2000E+00  3.6000E+00  5.8100E+00  3.4400E+00  0.0000E+00  7.9001E-02  0.0000E+00  7.9001E-02  6.7931E-02
  9.0000E-01  4.2000E+00  3.6000E+00  5.8100E+00  3.4400E+00  0.0000E+00  6.5457E-02  0.0000E+00  6.5457E-02  5.6285E-02
  9.0000E-01  4.2000E+00  3.6000E+00  5.8100E+00  3.4400E+00  0.0000E+00  6.1901E-02  0.0000E+00  6.1901E-02  5.3227E-02
  9.0000E-01  4.2000E+00  3.6000E+00  5.8100E+00  3.4400E+00  0.0000E+00  7.9770E-02  0.0000E+00  7.9770E-02  6.8592E-02
  9.0000E-01  4.2000E+00  3.6000E+00  5.8100E+00  3.4400E+00  0.0000E+00  9.5357E-02  0.0000E+00  9.5357E-02  8.1995E-02
  9.0000E-01  4.2000E+00  3.6000E+00  5.8100E+00  3.4400E+00  0.0000E+00  5.3488E-02  0.0000E+00  5.3488E-02  4.5993E-02
  9.0000E-01  4.2000E+00  3.6000E+00  5.8100E+00  3.4400E+00  0.0000E+00  7.8787E-02  0.0000E+00  7.8787E-02  6.7747E-02
  9.0000E-01  4.2000E+00  3.6000E+00  5.8100E+00  3.4400E+00  0.0000E+00  5.6598E-02  0.0000E+00  5.6598E-02  4.8667E-02
  9.0000E-01  4.2000E+00  3.6000E+00  5.8100E+00  3.4400E+00  0.0000E+00  6.1905E-02  0.0000E+00  6.1905E-02  5.3230E-02
  9.0000E-01  4.2000E+00  3.6000E+00  5.8100E+00  3.4400E+00  0.0000E+00  6.7591E-02  0.0000E+00  6.7591E-02  5.8120E-02
  9.0000E-01  4.2000E+00  3.6000E+00  5.8100E+00  3.4400E+00  0.0000E+00  1.1906E-01  0.0000E+00  1.1906E-01  1.0238E-01
  9.0000E-01  4.2000E+00  3.6000E+00  5.8100E+00  3.4400E+00  0.0000E+00  1.3329E-01  0.0000E+00  1.3329E-01  1.1461E-01
  9.0000E-01  4.2000E+00  3.6000E+00  5.8100E+00  3.4400E+00  0.0000E+00  9.2449E-02  0.0000E+00  9.2449E-02  7.9494E-02
  9.0000E-01  4.2000E+00  3.6000E+00  5.8100E+00  3.4400E+00  0.0000E+00  5.7499E-02  0.0000E+00  5.7499E-02  4.9442E-02
  9.0000E-01  4.2000E+00  3.6000E+00  5.8100E+00  3.4400E+00  0.0000E+00  9.6482E-02  0.0000E+00  9.6482E-02  8.2962E-02
  9.0000E-01  4.2000E+00  3.6000E+00  5.8100E+00  3.4400E+00  0.0000E+00  9.1304E-02  0.0000E+00  9.1304E-02  7.8510E-02
  9.0000E-01  4.2000E+00  3.6000E+00  5.8100E+00  3.4400E+00  0.0000E+00  9.5125E-02  0.0000E+00  9.5125E-02  8.1795E-02
  9.0000E-01  4.2000E+00  3.6000E+00  5.8100E+00  3.4400E+00  0.0000E+00  1.0366E-01  0.0000E+00  1.0366E-01  8.9134E-02
  9.0000E-01  4.2000E+00  3.6000E+00  5.8100E+00  3.4400E+00  0.0000E+00  5.0509E-02  0.0000E+00  5.0509E-02  4.3431E-02
  9.0000E-01  4.2000E+00  3.6000E+00  5.8100E+00  3.4400E+00  0.0000E+00  6.5368E-02  0.0000E+00  6.5368E-02  5.6208E-02
  9.0000E-01  4.2000E+00  3.6000E+00  5.8100E+00  3.4400E+00  0.0000E+00  1.1613E-01  0.0000E+00  1.1613E-01  9.9857E-02
  9.0000E-01  4.2000E+00  3.6000E+00  5.8100E+00  3.4400E+00  0.0000E+00  7.9521E-02  0.0000E+00  7.9521E-02  6.8378E-02
  9.0000E-01  4.2000E+00  3.6000E+00  5.8100E+00  3.4400E+00  0.0000E+00  7.7593E-02  0.0000E+00  7.7593E-02  6.6720E-02
  9.0000E-01  4.2000E+00  3.6000E+00  5.8100E+00  3.4400E+00  0.0000E+00  1.1922E-01  0.0000E+00  1.1922E-01  1.0251E-01
  9.0000E-01  4.2000E+00  3.6000E+00  5.8100E+00  3.4400E+00  0.0000E+00  8.4979E-02  0.0000E+00  8.4979E-02  7.3071E-02
  9.0000E-01  4.2000E+00  3.6000E+00  5.8100E+00  3.4400E+00  0.0000E+00  1.1295E-01  0.0000E+00  1.1295E-01  9.7122E-02
  9.0000E-01  4.2000E+00  3.6000E+00  5.8100E+00  3.4400E+00  0.0000E+00  7.3797E-02  0.0000E+00  7.3797E-02  6.3456E-02
  9.0000E-01  4.2000E+00  3.6000E+00  5.8100E+00  3.4400E+00  0.0000E+00  6.9249E-02  0.0000E+00  6.9249E-02  5.9545E-02
  9.0000E-01  4.2000E+00  3.6000E+00  5.8100E+00  3.4400E+00  0.0000E+00  1.2861E-01  0.0000E+00  1.2861E-01  1.1059E-01
  9.0000E-01  4.2000E+00  3.6000E+00  5.8100E+00  3.4400E+00  0.0000E+00  1.0838E-01  0.0000E+00  1.0838E-01  9.3193E-02
  9.0000E-01  4.2000E+00  3.6000E+00  5.8100E+00  3.4400E+00  0.0000E+00  1.0479E-01  0.0000E+00  1.0479E-01  9.0106E-02
  9.0000E-01  4.2000E+00  3.6000E+00  5.8100E+00  3.4400E+00  0.0000E+00  8.5654E-02  0.0000E+00  8.5654E-02  7.3651E-02
  9.0000E-01  4.2000E+00  3.6000E+00  5.8100E+00  3.4400E+00  0.0000E+00  1.1502E-01  0.0000E+00  1.1502E-01  9.8902E-02
  9.0000E-01  4.2000E+00  3.6000E+00  5.8100E+00  3.4400E+00  0.0000E+00  1.3476E-01  0.0000E+00  1.3476E-01  1.1588E-01
  9.0000E-01  4.2000E+00  3.6000E+00  5.8100E+00  3.4400E+00  0.0000E+00  9.4165E-02  0.0000E+00  9.4165E-02  8.0970E-02
  9.0000E-01  4.2000E+00  3.6000E+00  5.8100E+00  3.4400E+00  0.0000E+00  1.1223E-01  0.0000E+00  1.1223E-01  9.6503E-02
  9.0000E-01  4.2000E+00  3.6000E+00  5.8100E+00  3.4400E+00  0.0000E+00  1.7785E-01  0.0000E+00  1.7785E-01  1.5293E-01
  9.0000E-01  4.2000E+00  3.6000E+00  5.8100E+00  3.4400E+00  0.0000E+00  1.7279E-01  0.0000E+00  1.7279E-01  1.4858E-01
  9.0000E-01  4.2000E+00  3.6000E+00  5.8100E+00  3.4400E+00  0.0000E+00  8.1025E-02  0.0000E+00  8.1025E-02  6.9671E-02
  9.0000E-01  4.2000E+00  3.6000E+00  5.8100E+00  3.4400E+00  0.0000E+00  1.0381E-01  0.0000E+00  1.0381E-01  8.9263E-02
  9.0000E-01  4.2000E+00  3.6000E+00  5.8100E+00  3.4400E+00  0.0000E+00  1.4217E-01  0.0000E+00  1.4217E-01  1.2225E-01
  9.0000E-01  4.2000E+00  3.6000E+00  5.8100E+00  3.4400E+00  0.0000E+00  1.8100E-01  0.0000E+00  1.8100E-01  1.5564E-01
  9.0000E-01  4.2000E+00  3.6000E+00  5.8100E+00  3.4400E+00  0.0000E+00  5.2016E-02  0.0000E+00  5.2016E-02  4.4727E-02
  9.0000E-01  4.2000E+00  3.6000E+00  5.8100E+00  3.4400E+00  0.0000E+00  8.3911E-02  0.0000E+00  8.3911E-02  7.2153E-02
  9.0000E-01  4.2000E+00  3.6000E+00  5.8100E+00  3.4400E+00  0.0000E+00  1.0613E-01  0.0000E+00  1.0613E-01  9.1258E-02
  9.0000E-01  4.2000E+00  3.6000E+00  5.8100E+00  3.4400E+00  0.0000E+00  8.6746E-02  0.0000E+00  8.6746E-02  7.4590E-02
  9.0000E-01  4.2000E+00  3.6000E+00  5.8100E+00  3.4400E+00  0.0000E+00  1.3604E-01  0.0000E+00  1.3604E-01  1.1698E-01
  9.0000E-01  4.2000E+00  3.6000E+00  5.8100E+00  3.4400E+00  0.0000E+00  1.5360E-01  0.0000E+00  1.5360E-01  1.3208E-01
  9.0000E-01  4.2000E+00  3.6000E+00  5.8100E+00  3.4400E+00  0.0000E+00  2.2189E-01  0.0000E+00  2.2189E-01  1.9080E-01
  9.0000E-01  4.2000E+00  3.6000E+00  5.8100E+00  3.4400E+00  0.0000E+00  5.5758E-02  0.0000E+00  5.5758E-02  4.7945E-02
  9.0000E-01  4.2000E+00  3.6000E+00  5.8100E+00  3.4400E+00  0.0000E+00  6.8394E-02  0.0000E+00  6.8394E-02  5.8810E-02
  9.0000E-01  4.2000E+00  3.6000E+00  5.8100E+00  3.4400E+00  0.0000E+00  5.2635E-02  0.0000E+00  5.2635E-02  4.5259E-02
  9.0000E-01  4.2000E+00  3.6000E+00  5.8100E+00  3.4400E+00  0.0000E+00  7.7559E-02  0.0000E+00  7.7559E-02  6.6691E-02
  9.0000E-01  4.2000E+00  3.6000E+00  5.8100E+00  3.4400E+00  0.0000E+00  1.1199E-01  0.0000E+00  1.1199E-01  9.6297E-02
  9.0000E-01  4.2000E+00  3.6000E+00  5.8100E+00  3.4400E+00  0.0000E+00  6.6045E-02  0.0000E+00  6.6045E-02  5.6790E-02
  9.0000E-01  4.2000E+00  3.6000E+00  5.8100E+00  3.4400E+00  0.0000E+00  6.9355E-02  0.0000E+00  6.9355E-02  5.9636E-02
  9.0000E-01  4.2000E+00  3.6000E+00  5.8100E+00  3.4400E+00  0.0000E+00  5.5793E-02  0.0000E+00  5.5793E-02  4.7975E-02
  9.0000E-01  4.2000E+00  3.6000E+00  5.8100E+00  3.4400E+00  0.0000E+00  1.0147E-01  0.0000E+00  1.0147E-01  8.7251E-02
  9.0000E-01  4.2000E+00  3.6000E+00  5.8100E+00  3.4400E+00  0.0000E+00  2.5568E-01  0.0000E+00  2.5568E-01  2.1985E-01
  9.0000E-01  4.2000E+00  3.6000E+00  5.8100E+00  3.4400E+00  0.0000E+00  2.0630E-01  0.0000E+00  2.0630E-01  1.7739E-01
  9.0000E-01  4.2000E+00  3.6000E+00  5.8100E+00  3.4400E+00  0.0000E+00  1.7766E-01  0.0000E+00  1.7766E-01  1.5276E-01
  9.0000E-01  4.2000E+00  3.6000E+00  5.8100E+00  3.4400E+00  0.0000E+00  9.0846E-02  0.0000E+00  9.0846E-02  7.8116E-02
  9.0000E-01  4.2000E+00  3.6000E+00  5.8100E+00  3.4400E+00  0.0000E+00  5.4357E-02  0.0000E+00  5.4357E-02  4.6740E-02
  9.0000E-01  4.2000E+00  3.6000E+00  5.8100E+00  3.4400E+00  0.0000E+00  1.0469E-01  0.0000E+00  1.0469E-01  9.0020E-02
  9.0000E-01  4.2000E+00  3.6000E+00  5.8100E+00  3.4400E+00  0.0000E+00  5.8971E-02  0.0000E+00  5.8971E-02  5.0707E-02
  9.0000E-01  4.2000E+00  3.6000E+00  5.8100E+00  3.4400E+00  0.0000E+00  6.5587E-02  0.0000E+00  6.5587E-02  5.6396E-02
  9.0000E-01  4.2000E+00  3.6000E+00  5.8100E+00  3.4400E+00  0.0000E+00  1.3523E-01  0.0000E+00  1.3523E-01  1.1628E-01
  9.0000E-01  4.2000E+00  3.6000E+00  5.8100E+00  3.4400E+00  0.0000E+00  1.3594E-01  0.0000E+00  1.3594E-01  1.1689E-01
  9.0000E-01  4.2000E+00  3.6000E+00  5.8100E+00  3.4400E+00  0.0000E+00  1.3245E-01  0.0000E+00  1.3245E-01  1.1389E-01
  9.0000E-01  4.2000E+00  3.6000E+00  5.8100E+00  3.4400E+00  0.0000E+00  6.5892E-02  0.0000E+00  6.5892E-02  5.6659E-02
  9.0000E-01  4.2000E+00  3.6000E+00  5.8100E+00  3.4400E+00  0.0000E+00  9.6232E-02  0.0000E+00  9.6232E-02  8.2747E-02
  9.0000E-01  4.2000E+00  3.6000E+00  5.8100E+00  3.4400E+00  0.0000E+00  1.2600E-01  0.0000E+00  1.2600E-01  1.0834E-01
  9.0000E-01  4.2000E+00  3.6000E+00  5.8100E+00  3.4400E+00  0.0000E+00  8.1164E-02  0.0000E+00  8.1164E-02  6.9791E-02
  9.0000E-01  4.2000E+00  3.6000E+00  5.8100E+00  3.4400E+00  0.0000E+00  6.0447E-02  0.0000E+00  6.0447E-02  5.1977E-02
  9.0000E-01  4.2000E+00  3.6000E+00  5.8100E+00  3.4400E+00  0.0000E+00  1.7388E-01  0.0000E+00  1.7388E-01  1.4951E-01
  9.0000E-01  4.2000E+00  3.6000E+00  5.8100E+00  3.4400E+00  0.0000E+00  1.5804E-01  0.0000E+00  1.5804E-01  1.3589E-01
  9.0000E-01  4.2000E+00  3.6000E+00  5.8100E+00  3.4400E+00  0.0000E+00  1.4138E-01  0.0000E+00  1.4138E-01  1.2157E-01
  9.0000E-01  4.2000E+00  3.6000E+00  5.8100E+00  3.4400E+00  0.0000E+00  6.5886E-02  0.0000E+00  6.5886E-02  5.6653E-02
  9.0000E-01  4.2000E+00  3.6000E+00  5.8100E+00  3.4400E+00  0.0000E+00  1.4187E-01  0.0000E+00  1.4187E-01  1.2199E-01
  9.0000E-01  4.2000E+00  3.6000E+00  5.8100E+00  3.4400E+00  0.0000E+00  1.1607E-01  0.0000E+00  1.1607E-01  9.9805E-02
  9.0000E-01  4.2000E+00  3.6000E+00  5.8100E+00  3.4400E+00  0.0000E+00  9.6882E-02  0.0000E+00  9.6882E-02  8.3306E-02
  9.0000E-01  4.2000E+00  3.6000E+00  5.8100E+00  3.4400E+00  0.0000E+00  1.1837E-01  0.0000E+00  1.1837E-01  1.0178E-01
  9.0000E-01  4.2000E+00  3.6000E+00  5.8100E+00  3.4400E+00  0.0000E+00  1.4015E-01  0.0000E+00  1.4015E-01  1.2051E-01
  9.0000E-01  4.2000E+00  3.6000E+00  5.8100E+00  3.4400E+00  0.0000E+00  5.6229E-02  0.0000E+00  5.6229E-02  4.8350E-02
  9.0000E-01  4.2000E+00  3.6000E+00  5.8100E+00  3.4400E+00  0.0000E+00  1.1790E-01  0.0000E+00  1.1790E-01  1.0138E-01
  9.0000E-01  4.2000E+00  3.6000E+00  5.8100E+00  3.4400E+00  0.0000E+00  8.8384E-02  0.0000E+00  8.8384E-02  7.5999E-02
  9.0000E-01  4.2000E+00  3.6000E+00  5.8100E+00  3.4400E+00  0.0000E+00  1.3175E-01  0.0000E+00  1.3175E-01  1.1329E-01
  9.0000E-01  4.2000E+00  3.6000E+00  5.8100E+00  3.4400E+00  0.0000E+00  5.7579E-02  0.0000E+00  5.7579E-02  4.9511E-02
  9.0000E-01  4.2000E+00  3.6000E+00  5.8100E+00  3.4400E+00  0.0000E+00  5.4085E-02  0.0000E+00  5.4085E-02  4.6506E-02
  9.0000E-01  4.2000E+00  3.6000E+00  5.8100E+00  3.4400E+00  0.0000E+00  1.2449E-01  0.0000E+00  1.2449E-01  1.0705E-01
  9.0000E-01  4.2000E+00  3.6000E+00  5.8100E+00  3.4400E+00  0.0000E+00  7.5859E-02  0.0000E+00  7.5859E-02  6.5229E-02
  9.0000E-01  4.2000E+00  3.6000E+00  5.8100E+00  3.4400E+00  0.0000E+00  2.5706E-01  0.0000E+00  2.5706E-01  2.2104E-01
  9.0000E-01  4.2000E+00  3.6000E+00  5.8100E+00  3.4400E+00  0.0000E+00  7.0798E-01  0.0000E+00  7.0798E-01  6.0877E-01
  9.0000E-01  4.2000E+00  3.6000E+00  5.8100E+00  3.4400E+00  0.0000E+00  5.8570E-01  0.0000E+00  5.8570E-01  5.0363E-01
  9.0000E-01  4.2000E+00  3.6000E+00  5.8100E+00  3.4400E+00  0.0000E+00  6.4982E-01  0.0000E+00  6.4982E-01  5.5876E-01
  9.0000E-01  4.2000E+00  3.6000E+00  5.8100E+00  3.4400E+00  0.0000E+00  1.8526E-01  0.0000E+00  1.8526E-01  1.5930E-01
  9.0000E-01  4.2000E+00  3.6000E+00  5.8100E+00  3.4400E+00  0.0000E+00  8.6748E-02  0.0000E+00  8.6748E-02  7.4592E-02
  9.0000E-01  4.2000E+00  3.6000E+00  5.8100E+00  3.4400E+00  0.0000E+00  1.8008E-01  0.0000E+00  1.8008E-01  1.5485E-01
  9.0000E-01  4.2000E+00  3.6000E+00  5.8100E+00  3.4400E+00  0.0000E+00  1.9879E-01  0.0000E+00  1.9879E-01  1.7093E-01
  9.0000E-01  4.2000E+00  3.6000E+00  5.8100E+00  3.4400E+00  0.0000E+00  1.9367E-01  0.0000E+00  1.9367E-01  1.6653E-01
  9.0000E-01  4.2000E+00  3.6000E+00  5.8100E+00  3.4400E+00  0.0000E+00  2.1215E-01  0.0000E+00  2.1215E-01  1.8242E-01
  9.0000E-01  4.2000E+00  3.6000E+00  5.8100E+00  3.4400E+00  0.0000E+00  7.6733E-02  0.0000E+00  7.6733E-02  6.5980E-02
  9.0000E-01  4.2000E+00  3.6000E+00  5.8100E+00  3.4400E+00  0.0000E+00  1.7612E-01  0.0000E+00  1.7612E-01  1.5144E-01
  9.0000E-01  4.2000E+00  3.6000E+00  5.8100E+00  3.4400E+00  0.0000E+00  2.7860E-01  0.0000E+00  2.7860E-01  2.3956E-01
  9.0000E-01  4.2000E+00  3.6000E+00  5.8100E+00  3.4400E+00  0.0000E+00  1.9066E-01  0.0000E+00  1.9066E-01  1.6394E-01
  9.0000E-01  4.2000E+00  3.6000E+00  5.8100E+00  3.4400E+00  0.0000E+00  1.8520E-01  0.0000E+00  1.8520E-01  1.5925E-01
  9.0000E-01  4.2000E+00  3.6000E+00  5.8100E+00  3.4400E+00  0.0000E+00  5.5120E-02  0.0000E+00  5.5120E-02  4.7396E-02
  9.0000E-01  4.2000E+00  3.6000E+00  5.8100E+00  3.4400E+00  0.0000E+00  1.3855E-01  0.0000E+00  1.3855E-01  1.1914E-01
  9.0000E-01  4.2000E+00  3.6000E+00  5.8100E+00  3.4400E+00  0.0000E+00  1.6273E-01  0.0000E+00  1.6273E-01  1.3993E-01
  9.0000E-01  4.2000E+00  3.6000E+00  5.8100E+00  3.4400E+00  0.0000E+00  2.5910E-01  0.0000E+00  2.5910E-01  2.2279E-01
  9.0000E-01  4.2000E+00  3.6000E+00  5.8100E+00  3.4400E+00  0.0000E+00  6.4629E-02  0.0000E+00  6.4629E-02  5.5573E-02
  9.0000E-01  4.2000E+00  3.6000E+00  5.8100E+00  3.4400E+00  0.0000E+00  5.6887E-02  0.0000E+00  5.6887E-02  4.8915E-02
  9.0000E-01  4.2000E+00  3.6000E+00  5.8100E+00  3.4400E+00  0.0000E+00  1.1065E-01  0.0000E+00  1.1065E-01  9.5145E-02
  9.0000E-01  4.2000E+00  3.6000E+00  5.8100E+00  3.4400E+00  0.0000E+00  3.5931E-01  0.0000E+00  3.5931E-01  3.0896E-01
  9.0000E-01  4.2000E+00  3.6000E+00  5.8100E+00  3.4400E+00  0.0000E+00  2.0009E-01  0.0000E+00  2.0009E-01  1.7205E-01
  9.0000E-01  4.2000E+00  3.6000E+00  5.8100E+00  3.4400E+00  0.0000E+00  1.2642E-01  0.0000E+00  1.2642E-01  1.0870E-01
  9.0000E-01  4.2000E+00  3.6000E+00  5.8100E+00  3.4400E+00  0.0000E+00  7.3517E-02  0.0000E+00  7.3517E-02  6.3215E-02
  9.0000E-01  4.2000E+00  3.6000E+00  5.8100E+00  3.4400E+00  0.0000E+00  6.2952E-02  0.0000E+00  6.2952E-02  5.4131E-02
  9.0000E-01  4.2000E+00  3.6000E+00  5.8100E+00  3.4400E+00  0.0000E+00  6.8034E-02  0.0000E+00  6.8034E-02  5.8500E-02
  9.0000E-01  4.2000E+00  3.6000E+00  5.8100E+00  3.4400E+00  0.0000E+00  1.6596E-01  0.0000E+00  1.6596E-01  1.4270E-01
  9.0000E-01  4.2000E+00  3.6000E+00  5.8100E+00  3.4400E+00  0.0000E+00  2.0658E-01  0.0000E+00  2.0658E-01  1.7763E-01
  9.0000E-01  4.2000E+00  3.6000E+00  5.8100E+00  3.4400E+00  0.0000E+00  3.1463E-01  0.0000E+00  3.1463E-01  2.7054E-01
  9.0000E-01  4.2000E+00  3.6000E+00  5.8100E+00  3.4400E+00  0.0000E+00  5.5850E-02  0.0000E+00  5.5850E-02  4.8024E-02
  9.0000E-01  4.2000E+00  3.6000E+00  5.8100E+00  3.4400E+00  0.0000E+00  1.9210E-01  0.0000E+00  1.9210E-01  1.6518E-01
  9.0000E-01  4.2000E+00  3.6000E+00  5.8100E+00  3.4400E+00  0.0000E+00  2.3065E-01  0.0000E+00  2.3065E-01  1.9833E-01
  9.0000E-01  4.2000E+00  3.6000E+00  5.8100E+00  3.4400E+00  0.0000E+00  1.7834E-01  0.0000E+00  1.7834E-01  1.5335E-01
  9.0000E-01  4.2000E+00  3.6000E+00  5.8100E+00  3.4400E+00  0.0000E+00  8.0614E-02  0.0000E+00  8.0614E-02  6.9318E-02
  9.0000E-01  4.2000E+00  3.6000E+00  5.8100E+00  3.4400E+00  0.0000E+00  1.3245E-01  0.0000E+00  1.3245E-01  1.1389E-01
  9.0000E-01  4.2000E+00  3.6000E+00  5.8100E+00  3.4400E+00  0.0000E+00  1.0025E-01  0.0000E+00  1.0025E-01  8.6202E-02
  9.0000E-01  4.2000E+00  3.6000E+00  5.8100E+00  3.4400E+00  0.0000E+00  3.1455E-01  0.0000E+00  3.1455E-01  2.7047E-01
  9.0000E-01  4.2000E+00  3.6000E+00  5.8100E+00  3.4400E+00  0.0000E+00  2.3572E-01  0.0000E+00  2.3572E-01  2.0269E-01
  9.0000E-01  4.2000E+00  3.6000E+00  5.8100E+00  3.4400E+00  0.0000E+00  2.5946E-01  0.0000E+00  2.5946E-01  2.2310E-01
  9.0000E-01  4.2000E+00  3.6000E+00  5.8100E+00  3.4400E+00  0.0000E+00  1.3295E-01  0.0000E+00  1.3295E-01  1.1432E-01
  9.0000E-01  4.2000E+00  3.6000E+00  5.8100E+00  3.4400E+00  0.0000E+00  1.2596E-01  0.0000E+00  1.2596E-01  1.0831E-01
  9.0000E-01  4.2000E+00  3.6000E+00  5.8100E+00  3.4400E+00  0.0000E+00  7.1785E-02  0.0000E+00  7.1785E-02  6.1726E-02
  9.0000E-01  4.2000E+00  3.6000E+00  5.8100E+00  3.4400E+00  0.0000E+00  5.2102E-02  0.0000E+00  5.2102E-02  4.4801E-02
  9.0000E-01  4.2000E+00  3.6000E+00  5.8100E+00  3.4400E+00  0.0000E+00  1.2016E-01  0.0000E+00  1.2016E-01  1.0332E-01
  9.0000E-01  4.2000E+00  3.6000E+00  5.8100E+00  3.4400E+00  0.0000E+00  3.6903E-01  0.0000E+00  3.6903E-01  3.1732E-01
  9.0000E-01  4.2000E+00  3.6000E+00  5.8100E+00  3.4400E+00  0.0000E+00  3.8870E-01  0.0000E+00  3.8870E-01  3.3423E-01
  9.0000E-01  4.2000E+00  3.6000E+00  5.8100E+00  3.4400E+00  0.0000E+00  1.9279E-01  0.0000E+00  1.9279E-01  1.6577E-01
  9.0000E-01  4.2000E+00  3.6000E+00  5.8100E+00  3.4400E+00  0.0000E+00  1.9117E-01  0.0000E+00  1.9117E-01  1.6438E-01
  9.0000E-01  4.2000E+00  3.6000E+00  5.8100E+00  3.4400E+00  0.0000E+00  8.7244E-02  0.0000E+00  8.7244E-02  7.5019E-02
  9.0000E-01  4.2000E+00  3.6000E+00  5.8100E+00  3.4400E+00  0.0000E+00  1.2057E-01  0.0000E+00  1.2057E-01  1.0367E-01
  9.0000E-01  4.2000E+00  3.6000E+00  5.8100E+00  3.4400E+00  0.0000E+00  2.0807E-01  0.0000E+00  2.0807E-01  1.7891E-01
  9.0000E-01  4.2000E+00  3.6000E+00  5.8100E+00  3.4400E+00  0.0000E+00  1.1653E-01  0.0000E+00  1.1653E-01  1.0020E-01
  9.0000E-01  4.2000E+00  3.6000E+00  5.8100E+00  3.4400E+00  0.0000E+00  9.7987E-02  0.0000E+00  9.7987E-02  8.4256E-02
  9.0000E-01  4.2000E+00  3.6000E+00  5.8100E+00  3.4400E+00  0.0000E+00  6.8493E-02  0.0000E+00  6.8493E-02  5.8895E-02
  9.0000E-01  4.2000E+00  3.6000E+00  5.8100E+00  3.4400E+00  0.0000E+00  2.9452E-01  0.0000E+00  2.9452E-01  2.5325E-01
  9.0000E-01  4.2000E+00  3.6000E+00  5.8100E+00  3.4400E+00  0.0000E+00  3.8954E-01  0.0000E+00  3.8954E-01  3.3495E-01
  9.0000E-01  4.2000E+00  3.6000E+00  5.8100E+00  3.4400E+00  0.0000E+00  1.8790E-01  0.0000E+00  1.8790E-01  1.6157E-01
  9.0000E-01  4.2000E+00  3.6000E+00  5.8100E+00  3.4400E+00  0.0000E+00  1.3172E-01  0.0000E+00  1.3172E-01  1.1326E-01
  9.0000E-01  4.2000E+00  3.6000E+00  5.8100E+00  3.4400E+00  0.0000E+00  1.8039E-01  0.0000E+00  1.8039E-01  1.5511E-01
  9.0000E-01  4.2000E+00  3.6000E+00  5.8100E+00  3.4400E+00  0.0000E+00  4.5544E-01  0.0000E+00  4.5544E-01  3.9162E-01
  9.0000E-01  4.2000E+00  3.6000E+00  5.8100E+00  3.4400E+00  0.0000E+00  5.3140E-01  0.0000E+00  5.3140E-01  4.5694E-01
  9.0000E-01  4.2000E+00  3.6000E+00  5.8100E+00  3.4400E+00  0.0000E+00  3.1196E-01  0.0000E+00  3.1196E-01  2.6825E-01
  9.0000E-01  4.2000E+00  3.6000E+00  5.8100E+00  3.4400E+00  0.0000E+00  1.4115E-01  0.0000E+00  1.4115E-01  1.2137E-01
  9.0000E-01  4.2000E+00  3.6000E+00  5.8100E+00  3.4400E+00  0.0000E+00  1.5180E-01  0.0000E+00  1.5180E-01  1.3053E-01
  9.0000E-01  4.2000E+00  3.6000E+00  5.8100E+00  3.4400E+00  0.0000E+00  1.6490E-01  0.0000E+00  1.6490E-01  1.4179E-01
  9.0000E-01  4.2000E+00  3.6000E+00  5.8100E+00  3.4400E+00  0.0000E+00  1.7894E-01  0.0000E+00  1.7894E-01  1.5387E-01
  9.0000E-01  4.2000E+00  3.6000E+00  5.8100E+00  3.4400E+00  0.0000E+00  1.0985E-01  0.0000E+00  1.0985E-01  9.4457E-02
  9.0000E-01  4.2000E+00  3.6000E+00  5.8100E+00  3.4400E+00  0.0000E+00  1.0832E-01  0.0000E+00  1.0832E-01  9.3141E-02
  9.0000E-01  4.2000E+00  3.6000E+00  5.8100E+00  3.4400E+00  0.0000E+00  9.2176E-02  0.0000E+00  9.2176E-02  7.9259E-02
  9.0000E-01  4.2000E+00  3.6000E+00  5.8100E+00  3.4400E+00  0.0000E+00  5.5384E-02  0.0000E+00  5.5384E-02  4.7623E-02
  9.0000E-01  4.2000E+00  3.6000E+00  5.8100E+00  3.4400E+00  0.0000E+00  1.6038E-01  0.0000E+00  1.6038E-01  1.3791E-01
  9.0000E-01  4.2000E+00  3.6000E+00  5.8100E+00  3.4400E+00  0.0000E+00  2.1547E-01  0.0000E+00  2.1547E-01  1.8528E-01
  9.0000E-01  4.2000E+00  3.6000E+00  5.8100E+00  3.4400E+00  0.0000E+00  1.7339E-01  0.0000E+00  1.7339E-01  1.4909E-01
  9.0000E-01  4.2000E+00  3.6000E+00  5.8100E+00  3.4400E+00  0.0000E+00  1.6116E-01  0.0000E+00  1.6116E-01  1.3858E-01
  9.0000E-01  4.2000E+00  3.6000E+00  5.8100E+00  3.4400E+00  0.0000E+00  8.0437E-02  0.0000E+00  8.0437E-02  6.9165E-02
  9.0000E-01  4.2000E+00  3.6000E+00  5.8100E+00  3.4400E+00  0.0000E+00  2.1545E-01  0.0000E+00  2.1545E-01  1.8526E-01
  9.0000E-01  4.2000E+00  3.6000E+00  5.8100E+00  3.4400E+00  0.0000E+00  2.1836E-01  0.0000E+00  2.1836E-01  1.8776E-01
  9.0000E-01  4.2000E+00  3.6000E+00  5.8100E+00  3.4400E+00  0.0000E+00  5.6205E-01  0.0000E+00  5.6205E-01  4.8329E-01
  9.0000E-01  4.2000E+00  3.6000E+00  5.8100E+00  3.4400E+00  0.0000E+00  4.9329E-01  0.0000E+00  4.9329E-01  4.2417E-01
  9.0000E-01  4.2000E+00  3.6000E+00  5.8100E+00  3.4400E+00  0.0000E+00  1.0610E-01  0.0000E+00  1.0610E-01  9.1232E-02
  9.0000E-01  4.2000E+00  3.6000E+00  5.8100E+00  3.4400E+00  0.0000E+00  1.6255E-01  0.0000E+00  1.6255E-01  1.3977E-01
  9.0000E-01  4.2000E+00  3.6000E+00  5.8100E+00  3.4400E+00  0.0000E+00  1.4393E-01  0.0000E+00  1.4393E-01  1.2376E-01
  9.0000E-01  4.2000E+00  3.6000E+00  5.8100E+00  3.4400E+00  0.0000E+00  1.6918E-01  0.0000E+00  1.6918E-01  1.4547E-01
  9.0000E-01  4.2000E+00  3.6000E+00  5.8100E+00  3.4400E+00  0.0000E+00  8.5107E-02  0.0000E+00  8.5107E-02  7.3181E-02
  9.0000E-01  4.2000E+00  3.6000E+00  5.8100E+00  3.4400E+00  0.0000E+00  2.2446E-01  0.0000E+00  2.2446E-01  1.9301E-01
  9.0000E-01  4.2000E+00  3.6000E+00  5.8100E+00  3.4400E+00  0.0000E+00  2.3832E-01  0.0000E+00  2.3832E-01  2.0492E-01
  9.0000E-01  4.2000E+00  3.6000E+00  5.8100E+00  3.4400E+00  0.0000E+00  2.7753E-01  0.0000E+00  2.7753E-01  2.3864E-01
  9.0000E-01  4.2000E+00  3.6000E+00  5.8100E+00  3.4400E+00  0.0000E+00  5.0193E-02  0.0000E+00  5.0193E-02  4.3160E-02
  9.0000E-01  4.2000E+00  3.6000E+00  5.8100E+00  3.4400E+00  0.0000E+00  2.2912E-01  0.0000E+00  2.2912E-01  1.9701E-01
  9.0000E-01  4.2000E+00  3.6000E+00  5.8100E+00  3.4400E+00  0.0000E+00  1.9435E-01  0.0000E+00  1.9435E-01  1.6712E-01
  9.0000E-01  4.2000E+00  3.6000E+00  5.8100E+00  3.4400E+00  0.0000E+00  8.7053E-02  0.0000E+00  8.7053E-02  7.4854E-02
  9.0000E-01  4.2000E+00  3.6000E+00  5.8100E+00  3.4400E+00  0.0000E+00  1.7250E-01  0.0000E+00  1.7250E-01  1.4833E-01
  9.0000E-01  4.2000E+00  3.6000E+00  5.8100E+00  3.4400E+00  0.0000E+00  7.8384E-02  0.0000E+00  7.8384E-02  6.7400E-02
  9.0000E-01  4.2000E+00  3.6000E+00  5.8100E+00  3.4400E+00  0.0000E+00  2.0317E-01  0.0000E+00  2.0317E-01  1.7470E-01
  9.0000E-01  4.2000E+00  3.6000E+00  5.8100E+00  3.4400E+00  0.0000E+00  1.2709E-01  0.0000E+00  1.2709E-01  1.0928E-01
  9.0000E-01  4.2000E+00  3.6000E+00  5.8100E+00  3.4400E+00  0.0000E+00  1.9622E-01  0.0000E+00  1.9622E-01  1.6872E-01
  9.0000E-01  4.2000E+00  3.6000E+00  5.8100E+00  3.4400E+00  0.0000E+00  1.7164E-01  0.0000E+00  1.7164E-01  1.4759E-01
  9.0000E-01  4.2000E+00  3.6000E+00  5.8100E+00  3.4400E+00  0.0000E+00  1.4549E-01  0.0000E+00  1.4549E-01  1.2510E-01
  9.0000E-01  4.2000E+00  3.6000E+00  5.8100E+00  3.4400E+00  0.0000E+00  6.7660E-02  0.0000E+00  6.7660E-02  5.8179E-02
  9.0000E-01  4.2000E+00  3.6000E+00  5.8100E+00  3.4400E+00  0.0000E+00  1.9189E-01  0.0000E+00  1.9189E-01  1.6500E-01
  9.0000E-01  4.2000E+00  3.6000E+00  5.8100E+00  3.4400E+00  0.0000E+00  2.7813E-01  0.0000E+00  2.7813E-01  2.3916E-01
  9.0000E-01  4.2000E+00  3.6000E+00  5.8100E+00  3.4400E+00  0.0000E+00  2.4317E-01  0.0000E+00  2.4317E-01  2.0909E-01
  9.0000E-01  4.2000E+00  3.6000E+00  5.8100E+00  3.4400E+00  0.0000E+00  2.3811E-01  0.0000E+00  2.3811E-01  2.0474E-01
  9.0000E-01  4.2000E+00  3.6000E+00  5.8100E+00  3.4400E+00  0.0000E+00  1.1589E-01  0.0000E+00  1.1589E-01  9.9650E-02
  9.0000E-01  4.2000E+00  3.6000E+00  5.8100E+00  3.4400E+00  0.0000E+00  1.1723E-01  0.0000E+00  1.1723E-01  1.0080E-01
  9.0000E-01  4.2000E+00  3.6000E+00  5.8100E+00  3.4400E+00  0.0000E+00  5.3593E-01  0.0000E+00  5.3593E-01  4.6083E-01
  9.0000E-01  4.2000E+00  3.6000E+00  5.8100E+00  3.4400E+00  0.0000E+00  4.9724E-01  0.0000E+00  4.9724E-01  4.2756E-01
  9.0000E-01  4.2000E+00  3.6000E+00  5.8100E+00  3.4400E+00  0.0000E+00  3.2097E-01  0.0000E+00  3.2097E-01  2.7599E-01
  9.0000E-01  4.2000E+00  3.6000E+00  5.8100E+00  3.4400E+00  0.0000E+00  1.2996E-01  0.0000E+00  1.2996E-01  1.1175E-01
  9.0000E-01  4.2000E+00  3.6000E+00  5.8100E+00  3.4400E+00  0.0000E+00  1.7008E-01  0.0000E+00  1.7008E-01  1.4625E-01
  9.0000E-01  4.2000E+00  3.6000E+00  5.8100E+00  3.4400E+00  0.0000E+00  3.6436E-01  0.0000E+00  3.6436E-01  3.1330E-01
  9.0000E-01  4.2000E+00  3.6000E+00  5.8100E+00  3.4400E+00  0.0000E+00  4.1501E-01  0.0000E+00  4.1501E-01  3.5686E-01
  9.0000E-01  4.2000E+00  3.6000E+00  5.8100E+00  3.4400E+00  0.0000E+00  3.1444E-01  0.0000E+00  3.1444E-01  2.7038E-01
  9.0000E-01  4.2000E+00  3.6000E+00  5.8100E+00  3.4400E+00  0.0000E+00  1.3989E-01  0.0000E+00  1.3989E-01  1.2029E-01
  9.0000E-01  4.2000E+00  3.6000E+00  5.8100E+00  3.4400E+00  0.0000E+00  6.5395E-02  0.0000E+00  6.5395E-02  5.6231E-02
  9.0000E-01  4.2000E+00  3.6000E+00  5.8100E+00  3.4400E+00  0.0000E+00  1.5112E-01  0.0000E+00  1.5112E-01  1.2994E-01
  9.0000E-01  4.2000E+00  3.6000E+00  5.8100E+00  3.4400E+00  0.0000E+00  4.2257E-01  0.0000E+00  4.2257E-01  3.6336E-01
  9.0000E-01  4.2000E+00  3.6000E+00  5.8100E+00  3.4400E+00  0.0000E+00  3.9695E-01  0.0000E+00  3.9695E-01  3.4133E-01
  9.0000E-01  4.2000E+00  3.6000E+00  5.8100E+00  3.4400E+00  0.0000E+00  2.7912E-01  0.0000E+00  2.7912E-01  2.4001E-01
  9.0000E-01  4.2000E+00  3.6000E+00  5.8100E+00  3.4400E+00  0.0000E+00  2.3177E-01  0.0000E+00  2.3177E-01  1.9929E-01
  9.0000E-01  4.2000E+00  3.6000E+00  5.8100E+00  3.4400E+00  0.0000E+00  1.6338E-01  0.0000E+00  1.6338E-01  1.4049E-01
  9.0000E-01  4.2000E+00  3.6000E+00  5.8100E+00  3.4400E+00  0.0000E+00  1.1719E-01  0.0000E+00  1.1719E-01  1.0077E-01
  9.0000E-01  4.2000E+00  3.6000E+00  5.8100E+00  3.4400E+00  0.0000E+00  3.6980E-01  0.0000E+00  3.6980E-01  3.1798E-01
  9.0000E-01  4.2000E+00  3.6000E+00  5.8100E+00  3.4400E+00  0.0000E+00  1.7491E-01  0.0000E+00  1.7491E-01  1.5040E-01
  9.0000E-01  4.2000E+00  3.6000E+00  5.8100E+00  3.4400E+00  0.0000E+00  5.3930E-02  0.0000E+00  5.3930E-02  4.6373E-02
  9.0000E-01  4.2000E+00  3.6000E+00  5.8100E+00  3.4400E+00  0.0000E+00  2.3465E-01  0.0000E+00  2.3465E-01  2.0177E-01
  9.0000E-01  4.2000E+00  3.6000E+00  5.8100E+00  3.4400E+00  0.0000E+00  3.1535E-01  0.0000E+00  3.1535E-01  2.7116E-01
  9.0000E-01  4.2000E+00  3.6000E+00  5.8100E+00  3.4400E+00  0.0000E+00  1.9010E-01  0.0000E+00  1.9010E-01  1.6346E-01
  9.0000E-01  4.2000E+00  3.6000E+00  5.8100E+00  3.4400E+00  0.0000E+00  7.3228E-02  0.0000E+00  7.3228E-02  6.2967E-02
  9.0000E-01  4.2000E+00  3.6000E+00  5.8100E+00  3.4400E+00  0.0000E+00  1.2818E-01  0.0000E+00  1.2818E-01  1.1022E-01
  9.0000E-01  4.2000E+00  3.6000E+00  5.8100E+00  3.4400E+00  0.0000E+00  1.9893E-01  0.0000E+00  1.9893E-01  1.7105E-01
  9.0000E-01  4.2000E+00  3.6000E+00  5.8100E+00  3.4400E+00  0.0000E+00  1.8766E-01  0.0000E+00  1.8766E-01  1.6136E-01
  9.0000E-01  4.2000E+00  3.6000E+00  5.8100E+00  3.4400E+00  0.0000E+00  6.9117E-02  0.0000E+00  6.9117E-02  5.9432E-02
  9.0000E-01  4.2000E+00  3.6000E+00  5.8100E+00  3.4400E+00  0.0000E+00  8.3666E-02  0.0000E+00  8.3666E-02  7.1942E-02
  9.0000E-01  4.2000E+00  3.6000E+00  5.8100E+00  3.4400E+00  0.0000E+00  1.5478E-01  0.0000E+00  1.5478E-01  1.3309E-01
  9.0000E-01  4.2000E+00  3.6000E+00  5.8100E+00  3.4400E+00  0.0000E+00  6.3504E-02  0.0000E+00  6.3504E-02  5.4605E-02
  9.0000E-01  4.2000E+00  3.6000E+00  5.8100E+00  3.4400E+00  0.0000E+00  8.5747E-02  0.0000E+00  8.5747E-02  7.3731E-02
  9.0000E-01  4.2000E+00  3.6000E+00  5.8100E+00  3.4400E+00  0.0000E+00  5.2503E-02  0.0000E+00  5.2503E-02  4.5146E-02
  9.0000E-01  4.2000E+00  3.6000E+00  5.8100E+00  3.4400E+00  0.0000E+00  1.1687E-01  0.0000E+00  1.1687E-01  1.0049E-01
  9.0000E-01  4.2000E+00  3.6000E+00  5.8100E+00  3.4400E+00  0.0000E+00  1.9397E-01  0.0000E+00  1.9397E-01  1.6679E-01
  9.0000E-01  4.2000E+00  3.6000E+00  5.8100E+00  3.4400E+00  0.0000E+00  1.9485E-01  0.0000E+00  1.9485E-01  1.6755E-01
  9.0000E-01  4.2000E+00  3.6000E+00  5.8100E+00  3.4400E+00  0.0000E+00  5.0287E-02  0.0000E+00  5.0287E-02  4.3240E-02
  9.0000E-01  4.2000E+00  3.6000E+00  5.8100E+00  3.4400E+00  0.0000E+00  1.0055E-01  0.0000E+00  1.0055E-01  8.6460E-02
  9.0000E-01  4.2000E+00  3.6000E+00  5.8100E+00  3.4400E+00  0.0000E+00  2.0976E-01  0.0000E+00  2.0976E-01  1.8037E-01
  9.0000E-01  4.2000E+00  3.6000E+00  5.8100E+00  3.4400E+00  0.0000E+00  3.3665E-01  0.0000E+00  3.3665E-01  2.8948E-01
  9.0000E-01  4.2000E+00  3.6000E+00  5.8100E+00  3.4400E+00  0.0000E+00  1.1558E-01  0.0000E+00  1.1558E-01  9.9384E-02
  9.0000E-01  4.2000E+00  3.6000E+00  5.8100E+00  3.4400E+00  0.0000E+00  1.2248E-01  0.0000E+00  1.2248E-01  1.0532E-01
  9.0000E-01  4.2000E+00  3.6000E+00  5.8100E+00  3.4400E+00  0.0000E+00  5.6566E-02  0.0000E+00  5.6566E-02  4.8639E-02
  9.0000E-01  4.2000E+00  3.6000E+00  5.8100E+00  3.4400E+00  0.0000E+00  7.2752E-02  0.0000E+00  7.2752E-02  6.2557E-02
  9.0000E-01  4.2000E+00  3.6000E+00  5.8100E+00  3.4400E+00  0.0000E+00  1.8071E-01  0.0000E+00  1.8071E-01  1.5539E-01
  9.0000E-01  4.2000E+00  3.6000E+00  5.8100E+00  3.4400E+00  0.0000E+00  8.6114E-02  0.0000E+00  8.6114E-02  7.4047E-02
  9.0000E-01  4.2000E+00  3.6000E+00  5.8100E+00  3.4400E+00  0.0000E+00  6.6699E-02  0.0000E+00  6.6699E-02  5.7353E-02
  9.0000E-01  4.2000E+00  3.6000E+00  5.8100E+00  3.4400E+00  0.0000E+00  1.3774E-01  0.0000E+00  1.3774E-01  1.1844E-01
  9.0000E-01  4.2000E+00  3.6000E+00  5.8100E+00  3.4400E+00  0.0000E+00  7.1078E-02  0.0000E+00  7.1078E-02  6.1118E-02
  9.0000E-01  4.2000E+00  3.6000E+00  5.8100E+00  3.4400E+00  0.0000E+00  6.9813E-01  0.0000E+00  6.9813E-01  6.0030E-01
  9.0000E-01  4.2000E+00  3.6000E+00  5.8100E+00  3.4400E+00  0.0000E+00  1.2559E+00  0.0000E+00  1.2559E+00  1.0799E+00
  9.0000E-01  4.2000E+00  3.6000E+00  5.8100E+00  3.4400E+00  0.0000E+00  1.1848E+00  0.0000E+00  1.1848E+00  1.0188E+00
  9.0000E-01  4.2000E+00  3.6000E+00  5.8100E+00  3.4400E+00  0.0000E+00  4.3703E-01  0.0000E+00  4.3703E-01  3.7579E-01
  9.0000E-01  4.2000E+00  3.6000E+00  5.8100E+00  3.4400E+00  0.0000E+00  1.3704E-01  0.0000E+00  1.3704E-01  1.1784E-01
  9.0000E-01  4.2000E+00  3.6000E+00  5.8100E+00  3.4400E+00  0.0000E+00  1.0741E-01  0.0000E+00  1.0741E-01  9.2359E-02
  9.0000E-01  4.2000E+00  3.6000E+00  5.8100E+00  3.4400E+00  0.0000E+00  6.0968E-02  0.0000E+00  6.0968E-02  5.2425E-02
  9.0000E-01  4.2000E+00  3.6000E+00  5.8100E+00  3.4400E+00  0.0000E+00  2.4245E-01  0.0000E+00  2.4245E-01  2.0848E-01
  9.0000E-01  4.2000E+00  3.6000E+00  5.8100E+00  3.4400E+00  0.0000E+00  3.6640E-01  0.0000E+00  3.6640E-01  3.1506E-01
  9.0000E-01  4.2000E+00  3.6000E+00  5.8100E+00  3.4400E+00  0.0000E+00  8.1816E-01  0.0000E+00  8.1816E-01  7.0351E-01
  9.0000E-01  4.2000E+00  3.6000E+00  5.8100E+00  3.4400E+00  0.0000E+00  6.1674E-01  0.0000E+00  6.1674E-01  5.3032E-01
  9.0000E-01  4.2000E+00  3.6000E+00  5.8100E+00  3.4400E+00  0.0000E+00  5.7963E-01  0.0000E+00  5.7963E-01  4.9841E-01
  9.0000E-01  4.2000E+00  3.6000E+00  5.8100E+00  3.4400E+00  0.0000E+00  9.6130E-02  0.0000E+00  9.6130E-02  8.2659E-02
  9.0000E-01  4.2000E+00  3.6000E+00  5.8100E+00  3.4400E+00  0.0000E+00  1.4476E-01  0.0000E+00  1.4476E-01  1.2447E-01
  9.0000E-01  4.2000E+00  3.6000E+00  5.8100E+00  3.4400E+00  0.0000E+00  7.7275E-02  0.0000E+00  7.7275E-02  6.6447E-02
  9.0000E-01  4.2000E+00  3.6000E+00  5.8100E+00  3.4400E+00  0.0000E+00  4.1137E-01  0.0000E+00  4.1137E-01  3.5373E-01
  9.0000E-01  4.2000E+00  3.6000E+00  5.8100E+00  3.4400E+00  0.0000E+00  1.2466E+00  0.0000E+00  1.2466E+00  1.0719E+00
  9.0000E-01  4.2000E+00  3.6000E+00  5.8100E+00  3.4400E+00  0.0000E+00  6.7687E-01  0.0000E+00  6.7687E-01  5.8202E-01
  9.0000E-01  4.2000E+00  3.6000E+00  5.8100E+00  3.4400E+00  0.0000E+00  5.4053E-01  0.0000E+00  5.4053E-01  4.6479E-01
  9.0000E-01  4.2000E+00  3.6000E+00  5.8100E+00  3.4400E+00  0.0000E+00  2.2388E-01  0.0000E+00  2.2388E-01  1.9251E-01
  9.0000E-01  4.2000E+00  3.6000E+00  5.8100E+00  3.4400E+00  0.0000E+00  1.5922E-01  0.0000E+00  1.5922E-01  1.3691E-01
  9.0000E-01  4.2000E+00  3.6000E+00  5.8100E+00  3.4400E+00  0.0000E+00  8.5794E-02  0.0000E+00  8.5794E-02  7.3772E-02
  9.0000E-01  4.2000E+00  3.6000E+00  5.8100E+00  3.4400E+00  0.0000E+00  5.8996E-02  0.0000E+00  5.8996E-02  5.0729E-02
  9.0000E-01  4.2000E+00  3.6000E+00  5.8100E+00  3.4400E+00  0.0000E+00  1.8570E-01  0.0000E+00  1.8570E-01  1.5968E-01
  9.0000E-01  4.2000E+00  3.6000E+00  5.8100E+00  3.4400E+00  0.0000E+00  7.8420E-01  0.0000E+00  7.8420E-01  6.7431E-01
  9.0000E-01  4.2000E+00  3.6000E+00  5.8100E+00  3.4400E+00  0.0000E+00  9.2287E-01  0.0000E+00  9.2287E-01  7.9355E-01
  9.0000E-01  4.2000E+00  3.6000E+00  5.8100E+00  3.4400E+00  0.0000E+00  8.9822E-01  0.0000E+00  8.9822E-01  7.7235E-01
  9.0000E-01  4.2000E+00  3.6000E+00  5.8100E+00  3.4400E+00  0.0000E+00  4.1685E-01  0.0000E+00  4.1685E-01  3.5844E-01
  9.0000E-01  4.2000E+00  3.6000E+00  5.8100E+00  3.4400E+00  0.0000E+00  1.6721E-01  0.0000E+00  1.6721E-01  1.4378E-01
  9.0000E-01  4.2000E+00  3.6000E+00  5.8100E+00  3.4400E+00  0.0000E+00  6.9434E-02  0.0000E+00  6.9434E-02  5.9704E-02
  9.0000E-01  4.2000E+00  3.6000E+00  5.8100E+00  3.4400E+00  0.0000E+00  5.5867E-02  0.0000E+00  5.5867E-02  4.8038E-02
  9.0000E-01  4.2000E+00  3.6000E+00  5.8100E+00  3.4400E+00  0.0000E+00  4.1915E-01  0.0000E+00  4.1915E-01  3.6042E-01
  9.0000E-01  4.2000E+00  3.6000E+00  5.8100E+00  3.4400E+00  0.0000E+00  1.4710E+00  0.0000E+00  1.4710E+00  1.2649E+00
  9.0000E-01  4.2000E+00  3.6000E+00  5.8100E+00  3.4400E+00  0.0000E+00  8.2051E-01  0.0000E+00  8.2051E-01  7.0553E-01
  9.0000E-01  4.2000E+00  3.6000E+00  5.8100E+00  3.4400E+00  0.0000E+00  1.0833E+00  0.0000E+00  1.0833E+00  9.3150E-01
  9.0000E-01  4.2000E+00  3.6000E+00  5.8100E+00  3.4400E+00  0.0000E+00  5.1144E-01  0.0000E+00  5.1144E-01  4.3977E-01
  9.0000E-01  4.2000E+00  3.6000E+00  5.8100E+00  3.4400E+00  0.0000E+00  2.8799E-01  0.0000E+00  2.8799E-01  2.4763E-01
  9.0000E-01  4.2000E+00  3.6000E+00  5.8100E+00  3.4400E+00  0.0000E+00  1.4043E-01  0.0000E+00  1.4043E-01  1.2075E-01
  9.0000E-01  4.2000E+00  3.6000E+00  5.8100E+00  3.4400E+00  0.0000E+00  1.2127E-01  0.0000E+00  1.2127E-01  1.0428E-01
  9.0000E-01  4.2000E+00  3.6000E+00  5.8100E+00  3.4400E+00  0.0000E+00  1.0272E-01  0.0000E+00  1.0272E-01  8.8326E-02
  9.0000E-01  4.2000E+00  3.6000E+00  5.8100E+00  3.4400E+00  0.0000E+00  1.0148E+00  0.0000E+00  1.0148E+00  8.7260E-01
  9.0000E-01  4.2000E+00  3.6000E+00  5.8100E+00  3.4400E+00  0.0000E+00  1.5490E+00  0.0000E+00  1.5490E+00  1.3319E+00
  9.0000E-01  4.2000E+00  3.6000E+00  5.8100E+00  3.4400E+00  0.0000E+00  1.4027E+00  0.0000E+00  1.4027E+00  1.2061E+00
  9.0000E-01  4.2000E+00  3.6000E+00  5.8100E+00  3.4400E+00  0.0000E+00  1.2307E+00  0.0000E+00  1.2307E+00  1.0582E+00
  9.0000E-01  4.2000E+00  3.6000E+00  5.8100E+00  3.4400E+00  0.0000E+00  3.7568E-01  0.0000E+00  3.7568E-01  3.2304E-01
  9.0000E-01  4.2000E+00  3.6000E+00  5.8100E+00  3.4400E+00  0.0000E+00  1.4147E-01  0.0000E+00  1.4147E-01  1.2165E-01
  9.0000E-01  4.2000E+00  3.6000E+00  5.8100E+00  3.4400E+00  0.0000E+00  7.8357E-02  0.0000E+00  7.8357E-02  6.7377E-02
  9.0000E-01  4.2000E+00  3.6000E+00  5.8100E+00  3.4400E+00  0.0000E+00  3.4041E-01  0.0000E+00  3.4041E-01  2.9271E-01
  9.0000E-01  4.2000E+00  3.6000E+00  5.8100E+00  3.4400E+00  0.0000E+00  3.9846E-01  0.0000E+00  3.9846E-01  3.4262E-01
  9.0000E-01  4.2000E+00  3.6000E+00  5.8100E+00  3.4400E+00  0.0000E+00  7.6960E-01  0.0000E+00  7.6960E-01  6.6176E-01
  9.0000E-01  4.2000E+00  3.6000E+00  5.8100E+00  3.4400E+00  0.0000E+00  1.0476E+00  0.0000E+00  1.0476E+00  9.0080E-01
  9.0000E-01  4.2000E+00  3.6000E+00  5.8100E+00  3.4400E+00  0.0000E+00  8.1882E-01  0.0000E+00  8.1882E-01  7.0408E-01
  9.0000E-01  4.2000E+00  3.6000E+00  5.8100E+00  3.4400E+00  0.0000E+00  3.6466E-01  0.0000E+00  3.6466E-01  3.1356E-01
  9.0000E-01  4.2000E+00  3.6000E+00  5.8100E+00  3.4400E+00  0.0000E+00  5.7353E-01  0.0000E+00  5.7353E-01  4.9316E-01
  9.0000E-01  4.2000E+00  3.6000E+00  5.8100E+00  3.4400E+00  0.0000E+00  3.6034E-01  0.0000E+00  3.6034E-01  3.0985E-01
  9.0000E-01  4.2000E+00  3.6000E+00  5.8100E+00  3.4400E+00  0.0000E+00  1.5444E-01  0.0000E+00  1.5444E-01  1.3280E-01
  9.0000E-01  4.2000E+00  3.6000E+00  5.8100E+00  3.4400E+00  0.0000E+00  3.4346E-01  0.0000E+00  3.4346E-01  2.9533E-01
  9.0000E-01  4.2000E+00  3.6000E+00  5.8100E+00  3.4400E+00  0.0000E+00  5.0309E-01  0.0000E+00  5.0309E-01  4.3259E-01
  9.0000E-01  4.2000E+00  3.6000E+00  5.8100E+00  3.4400E+00  0.0000E+00  5.0655E-01  0.0000E+00  5.0655E-01  4.3557E-01
  9.0000E-01  4.2000E+00  3.6000E+00  5.8100E+00  3.4400E+00  0.0000E+00  5.0600E-01  0.0000E+00  5.0600E-01  4.3509E-01
  9.0000E-01  4.2000E+00  3.6000E+00  5.8100E+00  3.4400E+00  0.0000E+00  1.7730E-01  0.0000E+00  1.7730E-01  1.5246E-01
  9.0000E-01  4.2000E+00  3.6000E+00  5.8100E+00  3.4400E+00  0.0000E+00  1.4582E-01  0.0000E+00  1.4582E-01  1.2539E-01
  9.0000E-01  4.2000E+00  3.6000E+00  5.8100E+00  3.4400E+00  0.0000E+00  1.0582E-01  0.0000E+00  1.0582E-01  9.0992E-02
  9.0000E-01  4.2000E+00  3.6000E+00  5.8100E+00  3.4400E+00  0.0000E+00  5.1117E-02  0.0000E+00  5.1117E-02  4.3954E-02
  9.0000E-01  4.2000E+00  3.6000E+00  5.8100E+00  3.4400E+00  0.0000E+00  2.2265E-01  0.0000E+00  2.2265E-01  1.9145E-01
  9.0000E-01  4.2000E+00  3.6000E+00  5.8100E+00  3.4400E+00  0.0000E+00  1.2250E+00  0.0000E+00  1.2250E+00  1.0533E+00
  9.0000E-01  4.2000E+00  3.6000E+00  5.8100E+00  3.4400E+00  0.0000E+00  1.0062E+00  0.0000E+00  1.0062E+00  8.6520E-01
  9.0000E-01  4.2000E+00  3.6000E+00  5.8100E+00  3.4400E+00  0.0000E+00  1.2209E+00  0.0000E+00  1.2209E+00  1.0498E+00
  9.0000E-01  4.2000E+00  3.6000E+00  5.8100E+00  3.4400E+00  0.0000E+00  4.9138E-01  0.0000E+00  4.9138E-01  4.2252E-01
  9.0000E-01  4.2000E+00  3.6000E+00  5.8100E+00  3.4400E+00  0.0000E+00  2.0166E-01  0.0000E+00  2.0166E-01  1.7340E-01
  9.0000E-01  4.2000E+00  3.6000E+00  5.8100E+00  3.4400E+00  0.0000E+00  1.2758E-01  0.0000E+00  1.2758E-01  1.0970E-01
  9.0000E-01  4.2000E+00  3.6000E+00  5.8100E+00  3.4400E+00  0.0000E+00  8.2743E-02  0.0000E+00  8.2743E-02  7.1148E-02
  9.0000E-01  4.2000E+00  3.6000E+00  5.8100E+00  3.4400E+00  0.0000E+00  2.0414E-01  0.0000E+00  2.0414E-01  1.7553E-01
  9.0000E-01  4.2000E+00  3.6000E+00  5.8100E+00  3.4400E+00  0.0000E+00  1.0995E+00  0.0000E+00  1.0995E+00  9.4543E-01
  9.0000E-01  4.2000E+00  3.6000E+00  5.8100E+00  3.4400E+00  0.0000E+00  1.2230E+00  0.0000E+00  1.2230E+00  1.0516E+00
  9.0000E-01  4.2000E+00  3.6000E+00  5.8100E+00  3.4400E+00  0.0000E+00  9.0808E-01  0.0000E+00  9.0808E-01  7.8083E-01
  9.0000E-01  4.2000E+00  3.6000E+00  5.8100E+00  3.4400E+00  0.0000E+00  4.7622E-01  0.0000E+00  4.7622E-01  4.0949E-01
  9.0000E-01  4.2000E+00  3.6000E+00  5.8100E+00  3.4400E+00  0.0000E+00  1.9057E-01  0.0000E+00  1.9057E-01  1.6387E-01
  9.0000E-01  4.2000E+00  3.6000E+00  5.8100E+00  3.4400E+00  0.0000E+00  1.0859E-01  0.0000E+00  1.0859E-01  9.3373E-02
  9.0000E-01  4.2000E+00  3.6000E+00  5.8100E+00  3.4400E+00  0.0000E+00  7.2627E-02  0.0000E+00  7.2627E-02  6.2450E-02
  9.0000E-01  4.2000E+00  3.6000E+00  5.8100E+00  3.4400E+00  0.0000E+00  6.6440E-02  0.0000E+00  6.6440E-02  5.7130E-02
  9.0000E-01  4.2000E+00  3.6000E+00  5.8100E+00  3.4400E+00  0.0000E+00  1.0842E-01  0.0000E+00  1.0842E-01  9.3227E-02
  9.0000E-01  4.2000E+00  3.6000E+00  5.8100E+00  3.4400E+00  0.0000E+00  7.0543E-01  0.0000E+00  7.0543E-01  6.0658E-01
  9.0000E-01  4.2000E+00  3.6000E+00  5.8100E+00  3.4400E+00  0.0000E+00  9.3462E-01  0.0000E+00  9.3462E-01  8.0365E-01
  9.0000E-01  4.2000E+00  3.6000E+00  5.8100E+00  3.4400E+00  0.0000E+00  5.6560E-01  0.0000E+00  5.6560E-01  4.8634E-01
  9.0000E-01  4.2000E+00  3.6000E+00  5.8100E+00  3.4400E+00  0.0000E+00  3.6130E-01  0.0000E+00  3.6130E-01  3.1067E-01
  9.0000E-01  4.2000E+00  3.6000E+00  5.8100E+00  3.4400E+00  0.0000E+00  5.0740E-01  0.0000E+00  5.0740E-01  4.3630E-01
  9.0000E-01  4.2000E+00  3.6000E+00  5.8100E+00  3.4400E+00  0.0000E+00  2.9470E-01  0.0000E+00  2.9470E-01  2.5340E-01
  9.0000E-01  4.2000E+00  3.6000E+00  5.8100E+00  3.4400E+00  0.0000E+00  2.0718E-01  0.0000E+00  2.0718E-01  1.7815E-01
  9.0000E-01  4.2000E+00  3.6000E+00  5.8100E+00  3.4400E+00  0.0000E+00  1.4904E-01  0.0000E+00  1.4904E-01  1.2816E-01
  9.0000E-01  4.2000E+00  3.6000E+00  5.8100E+00  3.4400E+00  0.0000E+00  5.9209E-01  0.0000E+00  5.9209E-01  5.0912E-01
  9.0000E-01  4.2000E+00  3.6000E+00  5.8100E+00  3.4400E+00  0.0000E+00  6.0356E-01  0.0000E+00  6.0356E-01  5.1898E-01
  9.0000E-01  4.2000E+00  3.6000E+00  5.8100E+00  3.4400E+00  0.0000E+00  1.2145E+00  0.0000E+00  1.2145E+00  1.0443E+00
  9.0000E-01  4.2000E+00  3.6000E+00  5.8100E+00  3.4400E+00  0.0000E+00  8.3265E-01  0.0000E+00  8.3265E-01  7.1597E-01
  9.0000E-01  4.2000E+00  3.6000E+00  5.8100E+00  3.4400E+00  0.0000E+00  2.6640E-01  0.0000E+00  2.6640E-01  2.2907E-01
  9.0000E-01  4.2000E+00  3.6000E+00  5.8100E+00  3.4400E+00  0.0000E+00  1.6666E-01  0.0000E+00  1.6666E-01  1.4331E-01
  9.0000E-01  4.2000E+00  3.6000E+00  5.8100E+00  3.4400E+00  0.0000E+00  2.5914E-01  0.0000E+00  2.5914E-01  2.2283E-01
  9.0000E-01  4.2000E+00  3.6000E+00  5.8100E+00  3.4400E+00  0.0000E+00  1.1592E-01  0.0000E+00  1.1592E-01  9.9676E-02
  9.0000E-01  4.2000E+00  3.6000E+00  5.8100E+00  3.4400E+00  0.0000E+00  5.0708E-01  0.0000E+00  5.0708E-01  4.3602E-01
  9.0000E-01  4.2000E+00  3.6000E+00  5.8100E+00  3.4400E+00  0.0000E+00  3.4099E-01  0.0000E+00  3.4099E-01  2.9321E-01
  9.0000E-01  4.2000E+00  3.6000E+00  5.8100E+00  3.4400E+00  0.0000E+00  1.0052E+00  0.0000E+00  1.0052E+00  8.6434E-01
  9.0000E-01  4.2000E+00  3.6000E+00  5.8100E+00  3.4400E+00  0.0000E+00  6.2231E-01  0.0000E+00  6.2231E-01  5.3511E-01
  9.0000E-01  4.2000E+00  3.6000E+00  5.8100E+00  3.4400E+00  0.0000E+00  4.3169E-01  0.0000E+00  4.3169E-01  3.7120E-01
  9.0000E-01  4.2000E+00  3.6000E+00  5.8100E+00  3.4400E+00  0.0000E+00  8.6021E-02  0.0000E+00  8.6021E-02  7.3967E-02
  9.0000E-01  4.2000E+00  3.6000E+00  5.8100E+00  3.4400E+00  0.0000E+00  9.6522E-02  0.0000E+00  9.6522E-02  8.2996E-02
  9.0000E-01  4.2000E+00  3.6000E+00  5.8100E+00  3.4400E+00  0.0000E+00  3.9571E-01  0.0000E+00  3.9571E-01  3.4026E-01
  9.0000E-01  4.2000E+00  3.6000E+00  5.8100E+00  3.4400E+00  0.0000E+00  2.5462E+00  0.0000E+00  2.5462E+00  2.1894E+00
  9.0000E-01  4.2000E+00  3.6000E+00  5.8100E+00  3.4400E+00  0.0000E+00  2.3899E+00  0.0000E+00  2.3899E+00  2.0550E+00
  9.0000E-01  4.2000E+00  3.6000E+00  5.8100E+00  3.4400E+00  0.0000E+00  1.1020E+00  0.0000E+00  1.1020E+00  9.4758E-01
  9.0000E-01  4.2000E+00  3.6000E+00  5.8100E+00  3.4400E+00  0.0000E+00  2.0535E-01  0.0000E+00  2.0535E-01  1.7657E-01
  9.0000E-01  4.2000E+00  3.6000E+00  5.8100E+00  3.4400E+00  0.0000E+00  2.5568E-01  0.0000E+00  2.5568E-01  2.1985E-01
  9.0000E-01  4.2000E+00  3.6000E+00  5.8100E+00  3.4400E+00  0.0000E+00  1.5695E+00  0.0000E+00  1.5695E+00  1.3496E+00
  9.0000E-01  4.2000E+00  3.6000E+00  5.8100E+00  3.4400E+00  0.0000E+00  1.9076E+00  0.0000E+00  1.9076E+00  1.6403E+00
  9.0000E-01  4.2000E+00  3.6000E+00  5.8100E+00  3.4400E+00  0.0000E+00  8.5755E-01  0.0000E+00  8.5755E-01  7.3738E-01
  9.0000E-01  4.2000E+00  3.6000E+00  5.8100E+00  3.4400E+00  0.0000E+00  4.2430E-01  0.0000E+00  4.2430E-01  3.6484E-01
  9.0000E-01  4.2000E+00  3.6000E+00  5.8100E+00  3.4400E+00  0.0000E+00  1.3399E-01  0.0000E+00  1.3399E-01  1.1521E-01
  9.0000E-01  4.2000E+00  3.6000E+00  5.8100E+00  3.4400E+00  0.0000E+00  7.1772E-02  0.0000E+00  7.1772E-02  6.1715E-02
  9.0000E-01  4.2000E+00  3.6000E+00  5.8100E+00  3.4400E+00  0.0000E+00  2.2903E-01  0.0000E+00  2.2903E-01  1.9694E-01
  9.0000E-01  4.2000E+00  3.6000E+00  5.8100E+00  3.4400E+00  0.0000E+00  1.8807E-01  0.0000E+00  1.8807E-01  1.6172E-01
  9.0000E-01  4.2000E+00  3.6000E+00  5.8100E+00  3.4400E+00  0.0000E+00  5.9639E-01  0.0000E+00  5.9639E-01  5.1282E-01
  9.0000E-01  4.2000E+00  3.6000E+00  5.8100E+00  3.4400E+00  0.0000E+00  4.9141E-01  0.0000E+00  4.9141E-01  4.2255E-01
  9.0000E-01  4.2000E+00  3.6000E+00  5.8100E+00  3.4400E+00  0.0000E+00  1.3606E-01  0.0000E+00  1.3606E-01  1.1699E-01
  9.0000E-01  4.2000E+00  3.6000E+00  5.8100E+00  3.4400E+00  0.0000E+00  2.3184E-01  0.0000E+00  2.3184E-01  1.9935E-01
  9.0000E-01  4.2000E+00  3.6000E+00  5.8100E+00  3.4400E+00  0.0000E+00  1.2708E-01  0.0000E+00  1.2708E-01  1.0927E-01
  9.0000E-01  4.2000E+00  3.6000E+00  5.8100E+00  3.4400E+00  0.0000E+00  8.1048E-02  0.0000E+00  8.1048E-02  6.9691E-02
  9.0000E-01  4.2000E+00  3.6000E+00  5.8100E+00  3.4400E+00  0.0000E+00  1.4297E+00  0.0000E+00  1.4297E+00  1.2294E+00
  9.0000E-01  4.2000E+00  3.6000E+00  5.8100E+00  3.4400E+00  0.0000E+00  1.2515E+00  0.0000E+00  1.2515E+00  1.0761E+00
  9.0000E-01  4.2000E+00  3.6000E+00  5.8100E+00  3.4400E+00  0.0000E+00  6.7263E-01  0.0000E+00  6.7263E-01  5.7838E-01
  9.0000E-01  4.2000E+00  3.6000E+00  5.8100E+00  3.4400E+00  0.0000E+00  1.3437E-01  0.0000E+00  1.3437E-01  1.1554E-01
  9.0000E-01  4.2000E+00  3.6000E+00  5.8100E+00  3.4400E+00  0.0000E+00  2.4091E-01  0.0000E+00  2.4091E-01  2.0715E-01
  9.0000E-01  4.2000E+00  3.6000E+00  5.8100E+00  3.4400E+00  0.0000E+00  4.8955E-01  0.0000E+00  4.8955E-01  4.2095E-01
  9.0000E-01  4.2000E+00  3.6000E+00  5.8100E+00  3.4400E+00  0.0000E+00  3.0215E-01  0.0000E+00  3.0215E-01  2.5981E-01
  9.0000E-01  4.2000E+00  3.6000E+00  5.8100E+00  3.4400E+00  0.0000E+00  3.8199E-01  0.0000E+00  3.8199E-01  3.2846E-01
  9.0000E-01  4.2000E+00  3.6000E+00  5.8100E+00  3.4400E+00  0.0000E+00  5.9584E-01  0.0000E+00  5.9584E-01  5.1235E-01
  9.0000E-01  4.2000E+00  3.6000E+00  5.8100E+00  3.4400E+00  0.0000E+00  2.6730E-01  0.0000E+00  2.6730E-01  2.2984E-01
  9.0000E-01  4.2000E+00  3.6000E+00  5.8100E+00  3.4400E+00  0.0000E+00  1.5323E-01  0.0000E+00  1.5323E-01  1.3176E-01
  9.0000E-01  4.2000E+00  3.6000E+00  5.8100E+00  3.4400E+00  0.0000E+00  5.0694E-02  0.0000E+00  5.0694E-02  4.3590E-02
  9.0000E-01  4.2000E+00  3.6000E+00  5.8100E+00  3.4400E+00  0.0000E+00  1.3044E-01  0.0000E+00  1.3044E-01  1.1216E-01
  9.0000E-01  4.2000E+00  3.6000E+00  5.8100E+00  3.4400E+00  0.0000E+00  1.1848E+00  0.0000E+00  1.1848E+00  1.0188E+00
  9.0000E-01  4.2000E+00  3.6000E+00  5.8100E+00  3.4400E+00  0.0000E+00  9.9824E-01  0.0000E+00  9.9824E-01  8.5836E-01
  9.0000E-01  4.2000E+00  3.6000E+00  5.8100E+00  3.4400E+00  0.0000E+00  5.1320E-01  0.0000E+00  5.1320E-01  4.4129E-01
  9.0000E-01  4.2000E+00  3.6000E+00  5.8100E+00  3.4400E+00  0.0000E+00  7.7474E-01  0.0000E+00  7.7474E-01  6.6618E-01
  9.0000E-01  4.2000E+00  3.6000E+00  5.8100E+00  3.4400E+00  0.0000E+00  5.4534E-01  0.0000E+00  5.4534E-01  4.6892E-01
  9.0000E-01  4.2000E+00  3.6000E+00  5.8100E+00  3.4400E+00  0.0000E+00  3.4551E-01  0.0000E+00  3.4551E-01  2.9709E-01
  9.0000E-01  4.2000E+00  3.6000E+00  5.8100E+00  3.4400E+00  0.0000E+00  2.2989E-01  0.0000E+00  2.2989E-01  1.9768E-01
  9.0000E-01  4.2000E+00  3.6000E+00  5.8100E+00  3.4400E+00  0.0000E+00  1.7264E-01  0.0000E+00  1.7264E-01  1.4845E-01
  9.0000E-01  4.2000E+00  3.6000E+00  5.8100E+00  3.4400E+00  0.0000E+00  4.8014E-01  0.0000E+00  4.8014E-01  4.1286E-01
  9.0000E-01  4.2000E+00  3.6000E+00  5.8100E+00  3.4400E+00  0.0000E+00  1.0441E+00  0.0000E+00  1.0441E+00  8.9779E-01
  9.0000E-01  4.2000E+00  3.6000E+00  5.8100E+00  3.4400E+00  0.0000E+00  1.7247E+00  0.0000E+00  1.7247E+00  1.4830E+00
  9.0000E-01  4.2000E+00  3.6000E+00  5.8100E+00  3.4400E+00  0.0000E+00  1.2431E+00  0.0000E+00  1.2431E+00  1.0689E+00
  9.0000E-01  4.2000E+00  3.6000E+00  5.8100E+00  3.4400E+00  0.0000E+00  6.5988E-01  0.0000E+00  6.5988E-01  5.6741E-01
  9.0000E-01  4.2000E+00  3.6000E+00  5.8100E+00  3.4400E+00  0.0000E+00  8.7931E-02  0.0000E+00  8.7931E-02  7.5609E-02
  9.0000E-01  4.2000E+00  3.6000E+00  5.8100E+00  3.4400E+00  0.0000E+00  5.6272E-02  0.0000E+00  5.6272E-02  4.8387E-02
  9.0000E-01  4.2000E+00  3.6000E+00  5.8100E+00  3.4400E+00  0.0000E+00  6.1525E-02  0.0000E+00  6.1525E-02  5.2904E-02
  9.0000E-01  4.2000E+00  3.6000E+00  5.8100E+00  3.4400E+00  0.0000E+00  5.8082E-02  0.0000E+00  5.8082E-02  4.9943E-02
  9.0000E-01  4.2000E+00  3.6000E+00  5.8100E+00  3.4400E+00  0.0000E+00  3.5190E-01  0.0000E+00  3.5190E-01  3.0259E-01
  9.0000E-01  4.2000E+00  3.6000E+00  5.8100E+00  3.4400E+00  0.0000E+00  6.6682E-01  0.0000E+00  6.6682E-01  5.7338E-01
  9.0000E-01  4.2000E+00  3.6000E+00  5.8100E+00  3.4400E+00  0.0000E+00  6.1891E-01  0.0000E+00  6.1891E-01  5.3218E-01
  9.0000E-01  4.2000E+00  3.6000E+00  5.8100E+00  3.4400E+00  0.0000E+00  3.5109E-01  0.0000E+00  3.5109E-01  3.0189E-01
  9.0000E-01  4.2000E+00  3.6000E+00  5.8100E+00  3.4400E+00  0.0000E+00  3.6045E-01  0.0000E+00  3.6045E-01  3.0994E-01
  9.0000E-01  4.2000E+00  3.6000E+00  5.8100E+00  3.4400E+00  0.0000E+00  2.7661E-01  0.0000E+00  2.7661E-01  2.3785E-01
  9.0000E-01  4.2000E+00  3.6000E+00  5.8100E+00  3.4400E+00  0.0000E+00  8.8328E-02  0.0000E+00  8.8328E-02  7.5951E-02
  9.0000E-01  4.2000E+00  3.6000E+00  5.8100E+00  3.4400E+00  0.0000E+00  1.2003E-01  0.0000E+00  1.2003E-01  1.0321E-01
  9.0000E-01  4.2000E+00  3.6000E+00  5.8100E+00  3.4400E+00  0.0000E+00  3.4291E-01  0.0000E+00  3.4291E-01  2.9486E-01
  9.0000E-01  4.2000E+00  3.6000E+00  5.8100E+00  3.4400E+00  0.0000E+00  7.8393E-01  0.0000E+00  7.8393E-01  6.7408E-01
  9.0000E-01  4.2000E+00  3.6000E+00  5.8100E+00  3.4400E+00  0.0000E+00  6.4487E-01  0.0000E+00  6.4487E-01  5.5451E-01
  9.0000E-01  4.2000E+00  3.6000E+00  5.8100E+00  3.4400E+00  0.0000E+00  4.2881E-01  0.0000E+00  4.2881E-01  3.6872E-01
  9.0000E-01  4.2000E+00  3.6000E+00  5.8100E+00  3.4400E+00  0.0000E+00  4.5885E-01  0.0000E+00  4.5885E-01  3.9455E-01
  9.0000E-01  4.2000E+00  3.6000E+00  5.8100E+00  3.4400E+00  0.0000E+00  1.0179E-01  0.0000E+00  1.0179E-01  8.7526E-02
  9.0000E-01  4.2000E+00  3.6000E+00  5.8100E+00  3.4400E+00  0.0000E+00  4.6146E-01  0.0000E+00  4.6146E-01  3.9680E-01
  9.0000E-01  4.2000E+00  3.6000E+00  5.8100E+00  3.4400E+00  0.0000E+00  1.0795E+00  0.0000E+00  1.0795E+00  9.2823E-01
  9.0000E-01  4.2000E+00  3.6000E+00  5.8100E+00  3.4400E+00  0.0000E+00  8.8450E-01  0.0000E+00  8.8450E-01  7.6056E-01
  9.0000E-01  4.2000E+00  3.6000E+00  5.8100E+00  3.4400E+00  0.0000E+00  7.2992E-01  0.0000E+00  7.2992E-01  6.2764E-01
  9.0000E-01  4.2000E+00  3.6000E+00  5.8100E+00  3.4400E+00  0.0000E+00  8.4376E-01  0.0000E+00  8.4376E-01  7.2552E-01
  9.0000E-01  4.2000E+00  3.6000E+00  5.8100E+00  3.4400E+00  0.0000E+00  1.9466E-01  0.0000E+00  1.9466E-01  1.6738E-01
  9.0000E-01  4.2000E+00  3.6000E+00  5.8100E+00  3.4400E+00  0.0000E+00  2.0568E-01  0.0000E+00  2.0568E-01  1.7686E-01
  9.0000E-01  4.2000E+00  3.6000E+00  5.8100E+00  3.4400E+00  0.0000E+00  2.4472E-01  0.0000E+00  2.4472E-01  2.1043E-01
  9.0000E-01  4.2000E+00  3.6000E+00  5.8100E+00  3.4400E+00  0.0000E+00  7.1495E-02  0.0000E+00  7.1495E-02  6.1476E-02
  9.0000E-01  4.2000E+00  3.6000E+00  5.8100E+00  3.4400E+00  0.0000E+00  8.0283E-01  0.0000E+00  8.0283E-01  6.9033E-01
  9.0000E-01  4.2000E+00  3.6000E+00  5.8100E+00  3.4400E+00  0.0000E+00  9.3731E-01  0.0000E+00  9.3731E-01  8.0597E-01
  9.0000E-01  4.2000E+00  3.6000E+00  5.8100E+00  3.4400E+00  0.0000E+00  9.8166E-01  0.0000E+00  9.8166E-01  8.4410E-01
  9.0000E-01  4.2000E+00  3.6000E+00  5.8100E+00  3.4400E+00  0.0000E+00  9.8660E-01  0.0000E+00  9.8660E-01  8.4835E-01
  9.0000E-01  4.2000E+00  3.6000E+00  5.8100E+00  3.4400E+00  0.0000E+00  4.1168E-01  0.0000E+00  4.1168E-01  3.5399E-01
  9.0000E-01  4.2000E+00  3.6000E+00  5.8100E+00  3.4400E+00  0.0000E+00  1.6314E-01  0.0000E+00  1.6314E-01  1.4028E-01
  9.0000E-01  4.2000E+00  3.6000E+00  5.8100E+00  3.4400E+00  0.0000E+00  1.1644E-01  0.0000E+00  1.1644E-01  1.0012E-01
  9.0000E-01  4.2000E+00  3.6000E+00  5.8100E+00  3.4400E+00  0.0000E+00  8.7158E-02  0.0000E+00  8.7158E-02  7.4945E-02
  9.0000E-01  4.2000E+00  3.6000E+00  5.8100E+00  3.4400E+00  0.0000E+00  8.6934E-01  0.0000E+00  8.6934E-01  7.4752E-01
  9.0000E-01  4.2000E+00  3.6000E+00  5.8100E+00  3.4400E+00  0.0000E+00  7.8567E-01  0.0000E+00  7.8567E-01  6.7557E-01
  9.0000E-01  4.2000E+00  3.6000E+00  5.8100E+00  3.4400E+00  0.0000E+00  1.5619E+00  0.0000E+00  1.5619E+00  1.3430E+00
  9.0000E-01  4.2000E+00  3.6000E+00  5.8100E+00  3.4400E+00  0.0000E+00  9.1571E-01  0.0000E+00  9.1571E-01  7.8739E-01
  9.0000E-01  4.2000E+00  3.6000E+00  5.8100E+00  3.4400E+00  0.0000E+00  5.9200E-01  0.0000E+00  5.9200E-01  5.0904E-01
  9.0000E-01  4.2000E+00  3.6000E+00  5.8100E+00  3.4400E+00  0.0000E+00  1.8289E-01  0.0000E+00  1.8289E-01  1.5726E-01
  9.0000E-01  4.2000E+00  3.6000E+00  5.8100E+00  3.4400E+00  0.0000E+00  1.4008E-01  0.0000E+00  1.4008E-01  1.2045E-01
  9.0000E-01  4.2000E+00  3.6000E+00  5.8100E+00  3.4400E+00  0.0000E+00  5.7276E-02  0.0000E+00  5.7276E-02  4.9250E-02
  9.0000E-01  4.2000E+00  3.6000E+00  5.8100E+00  3.4400E+00  0.0000E+00  1.3488E+00  0.0000E+00  1.3488E+00  1.1598E+00
  9.0000E-01  4.2000E+00  3.6000E+00  5.8100E+00  3.4400E+00  0.0000E+00  1.0658E+00  0.0000E+00  1.0658E+00  9.1645E-01
  9.0000E-01  4.2000E+00  3.6000E+00  5.8100E+00  3.4400E+00  0.0000E+00  9.8735E-01  0.0000E+00  9.8735E-01  8.4899E-01
  9.0000E-01  4.2000E+00  3.6000E+00  5.8100E+00  3.4400E+00  0.0000E+00  5.6562E-01  0.0000E+00  5.6562E-01  4.8636E-01
  9.0000E-01  4.2000E+00  3.6000E+00  5.8100E+00  3.4400E+00  0.0000E+00  2.5547E-01  0.0000E+00  2.5547E-01  2.1967E-01
  9.0000E-01  4.2000E+00  3.6000E+00  5.8100E+00  3.4400E+00  0.0000E+00  8.0083E-02  0.0000E+00  8.0083E-02  6.8861E-02
  9.0000E-01  4.2000E+00  3.6000E+00  5.8100E+00  3.4400E+00  0.0000E+00  5.9898E-02  0.0000E+00  5.9898E-02  5.1505E-02
  9.0000E-01  4.2000E+00  3.6000E+00  5.8100E+00  3.4400E+00  0.0000E+00  1.2135E-01  0.0000E+00  1.2135E-01  1.0435E-01
  9.0000E-01  4.2000E+00  3.6000E+00  5.8100E+00  3.4400E+00  0.0000E+00  6.8703E-01  0.0000E+00  6.8703E-01  5.9076E-01
  9.0000E-01  4.2000E+00  3.6000E+00  5.8100E+00  3.4400E+00  0.0000E+00  9.7120E-01  0.0000E+00  9.7120E-01  8.3511E-01
  9.0000E-01  4.2000E+00  3.6000E+00  5.8100E+00  3.4400E+00  0.0000E+00  7.4951E-01  0.0000E+00  7.4951E-01  6.4448E-01
  9.0000E-01  4.2000E+00  3.6000E+00  5.8100E+00  3.4400E+00  0.0000E+00  4.1213E-01  0.0000E+00  4.1213E-01  3.5438E-01
  9.0000E-01  4.2000E+00  3.6000E+00  5.8100E+00  3.4400E+00  0.0000E+00  2.0816E-01  0.0000E+00  2.0816E-01  1.7899E-01
  9.0000E-01  4.2000E+00  3.6000E+00  5.8100E+00  3.4400E+00  0.0000E+00  1.0605E-01  0.0000E+00  1.0605E-01  9.1189E-02
  9.0000E-01  4.2000E+00  3.6000E+00  5.8100E+00  3.4400E+00  0.0000E+00  7.3984E-02  0.0000E+00  7.3984E-02  6.3617E-02
  9.0000E-01  4.2000E+00  3.6000E+00  5.8100E+00  3.4400E+00  0.0000E+00  1.1386E-01  0.0000E+00  1.1386E-01  9.7905E-02
  9.0000E-01  4.2000E+00  3.6000E+00  5.8100E+00  3.4400E+00  0.0000E+00  8.6092E-01  0.0000E+00  8.6092E-01  7.4028E-01
  9.0000E-01  4.2000E+00  3.6000E+00  5.8100E+00  3.4400E+00  0.0000E+00  1.0481E+00  0.0000E+00  1.0481E+00  9.0123E-01
  9.0000E-01  4.2000E+00  3.6000E+00  5.8100E+00  3.4400E+00  0.0000E+00  7.1287E-01  0.0000E+00  7.1287E-01  6.1298E-01
  9.0000E-01  4.2000E+00  3.6000E+00  5.8100E+00  3.4400E+00  0.0000E+00  7.4046E-01  0.0000E+00  7.4046E-01  6.3670E-01
  9.0000E-01  4.2000E+00  3.6000E+00  5.8100E+00  3.4400E+00  0.0000E+00  2.2677E-01  0.0000E+00  2.2677E-01  1.9499E-01
  9.0000E-01  4.2000E+00  3.6000E+00  5.8100E+00  3.4400E+00  0.0000E+00  1.0657E-01  0.0000E+00  1.0657E-01  9.1636E-02
  9.0000E-01  4.2000E+00  3.6000E+00  5.8100E+00  3.4400E+00  0.0000E+00  9.6279E-02  0.0000E+00  9.6279E-02  8.2788E-02
  9.0000E-01  4.2000E+00  3.6000E+00  5.8100E+00  3.4400E+00  0.0000E+00  1.0883E-01  0.0000E+00  1.0883E-01  9.3580E-02
  9.0000E-01  4.2000E+00  3.6000E+00  5.8100E+00  3.4400E+00  0.0000E+00  1.0591E+00  0.0000E+00  1.0591E+00  9.1069E-01
  9.0000E-01  4.2000E+00  3.6000E+00  5.8100E+00  3.4400E+00  0.0000E+00  1.3481E+00  0.0000E+00  1.3481E+00  1.1592E+00
  9.0000E-01  4.2000E+00  3.6000E+00  5.8100E+00  3.4400E+00  0.0000E+00  9.6300E-01  0.0000E+00  9.6300E-01  8.2806E-01
  9.0000E-01  4.2000E+00  3.6000E+00  5.8100E+00  3.4400E+00  0.0000E+00  2.2480E-01  0.0000E+00  2.2480E-01  1.9330E-01
  9.0000E-01  4.2000E+00  3.6000E+00  5.8100E+00  3.4400E+00  0.0000E+00  7.5842E-02  0.0000E+00  7.5842E-02  6.5214E-02
  9.0000E-01  4.2000E+00  3.6000E+00  5.8100E+00  3.4400E+00  0.0000E+00  6.0947E-02  0.0000E+00  6.0947E-02  5.2407E-02
  9.0000E-01  4.2000E+00  3.6000E+00  5.8100E+00  3.4400E+00  0.0000E+00  5.2488E-02  0.0000E+00  5.2488E-02  4.5133E-02
  9.0000E-01  4.2000E+00  3.6000E+00  5.8100E+00  3.4400E+00  0.0000E+00  1.9802E-01  0.0000E+00  1.9802E-01  1.7027E-01
  9.0000E-01  4.2000E+00  3.6000E+00  5.8100E+00  3.4400E+00  0.0000E+00  9.1410E-01  0.0000E+00  9.1410E-01  7.8601E-01
  9.0000E-01  4.2000E+00  3.6000E+00  5.8100E+00  3.4400E+00  0.0000E+00  8.2660E-01  0.0000E+00  8.2660E-01  7.1077E-01
  9.0000E-01  4.2000E+00  3.6000E+00  5.8100E+00  3.4400E+00  0.0000E+00  6.5961E-01  0.0000E+00  6.5961E-01  5.6718E-01
  9.0000E-01  4.2000E+00  3.6000E+00  5.8100E+00  3.4400E+00  0.0000E+00  2.0174E-01  0.0000E+00  2.0174E-01  1.7347E-01
  9.0000E-01  4.2000E+00  3.6000E+00  5.8100E+00  3.4400E+00  0.0000E+00  1.0097E-01  0.0000E+00  1.0097E-01  8.6821E-02
  9.0000E-01  4.2000E+00  3.6000E+00  5.8100E+00  3.4400E+00  0.0000E+00  2.4310E-01  0.0000E+00  2.4310E-01  2.0903E-01
  9.0000E-01  4.2000E+00  3.6000E+00  5.8100E+00  3.4400E+00  0.0000E+00  1.7919E+00  0.0000E+00  1.7919E+00  1.5408E+00
  9.0000E-01  4.2000E+00  3.6000E+00  5.8100E+00  3.4400E+00  0.0000E+00  2.7321E+00  0.0000E+00  2.7321E+00  2.3493E+00
  9.0000E-01  4.2000E+00  3.6000E+00  5.8100E+00  3.4400E+00  0.0000E+00  3.0981E+00  0.0000E+00  3.0981E+00  2.6640E+00
  9.0000E-01  4.2000E+00  3.6000E+00  5.8100E+00  3.4400E+00  0.0000E+00  2.5527E+00  0.0000E+00  2.5527E+00  2.1950E+00
  9.0000E-01  4.2000E+00  3.6000E+00  5.8100E+00  3.4400E+00  0.0000E+00  2.3443E+00  0.0000E+00  2.3443E+00  2.0158E+00
  9.0000E-01  4.2000E+00  3.6000E+00  5.8100E+00  3.4400E+00  0.0000E+00  1.0880E+00  0.0000E+00  1.0880E+00  9.3554E-01
  9.0000E-01  4.2000E+00  3.6000E+00  5.8100E+00  3.4400E+00  0.0000E+00  6.2808E-01  0.0000E+00  6.2808E-01  5.4007E-01
  9.0000E-01  4.2000E+00  3.6000E+00  5.8100E+00  3.4400E+00  0.0000E+00  7.4030E-01  0.0000E+00  7.4030E-01  6.3656E-01
  9.0000E-01  4.2000E+00  3.6000E+00  5.8100E+00  3.4400E+00  0.0000E+00  6.3600E-01  0.0000E+00  6.3600E-01  5.4688E-01
  9.0000E-01  4.2000E+00  3.6000E+00  5.8100E+00  3.4400E+00  0.0000E+00  1.3630E+00  0.0000E+00  1.3630E+00  1.1720E+00
  9.0000E-01  4.2000E+00  3.6000E+00  5.8100E+00  3.4400E+00  0.0000E+00  2.1548E+00  0.0000E+00  2.1548E+00  1.8529E+00
  9.0000E-01  4.2000E+00  3.6000E+00  5.8100E+00  3.4400E+00  0.0000E+00  1.7368E+00  0.0000E+00  1.7368E+00  1.4934E+00
  9.0000E-01  4.2000E+00  3.6000E+00  5.8100E+00  3.4400E+00  0.0000E+00  2.5683E+00  0.0000E+00  2.5683E+00  2.2084E+00
  9.0000E-01  4.2000E+00  3.6000E+00  5.8100E+00  3.4400E+00  0.0000E+00  1.1512E+00  0.0000E+00  1.1512E+00  9.8988E-01
  9.0000E-01  4.2000E+00  3.6000E+00  5.8100E+00  3.4400E+00  0.0000E+00  2.4278E-01  0.0000E+00  2.4278E-01  2.0876E-01
  9.0000E-01  4.2000E+00  3.6000E+00  5.8100E+00  3.4400E+00  0.0000E+00  3.6915E-01  0.0000E+00  3.6915E-01  3.1742E-01
  9.0000E-01  4.2000E+00  3.6000E+00  5.8100E+00  3.4400E+00  0.0000E+00  1.9580E-01  0.0000E+00  1.9580E-01  1.6836E-01
  9.0000E-01  4.2000E+00  3.6000E+00  5.8100E+00  3.4400E+00  0.0000E+00  1.7858E+00  0.0000E+00  1.7858E+00  1.5356E+00
  9.0000E-01  4.2000E+00  3.6000E+00  5.8100E+00  3.4400E+00  0.0000E+00  5.3732E+00  0.0000E+00  5.3732E+00  4.6203E+00
  9.0000E-01  4.2000E+00  3.6000E+00  5.8100E+00  3.4400E+00  0.0000E+00  5.9740E+00  0.0000E+00  5.9740E+00  5.1369E+00
  9.0000E-01  4.2000E+00  3.6000E+00  5.8100E+00  3.4400E+00  0.0000E+00  3.2298E+00  0.0000E+00  3.2298E+00  2.7772E+00
  9.0000E-01  4.2000E+00  3.6000E+00  5.8100E+00  3.4400E+00  0.0000E+00  2.7755E-01  0.0000E+00  2.7755E-01  2.3866E-01
  9.0000E-01  4.2000E+00  3.6000E+00  5.8100E+00  3.4400E+00  0.0000E+00  1.0177E-01  0.0000E+00  1.0177E-01  8.7509E-02
  9.0000E-01  4.2000E+00  3.6000E+00  5.8100E+00  3.4400E+00  0.0000E+00  9.7033E-02  0.0000E+00  9.7033E-02  8.3436E-02
  9.0000E-01  4.2000E+00  3.6000E+00  5.8100E+00  3.4400E+00  0.0000E+00  5.5788E-02  0.0000E+00  5.5788E-02  4.7970E-02
  9.0000E-01  4.2000E+00  3.6000E+00  5.8100E+00  3.4400E+00  0.0000E+00  1.6514E-01  0.0000E+00  1.6514E-01  1.4200E-01
  9.0000E-01  4.2000E+00  3.6000E+00  5.8100E+00  3.4400E+00  0.0000E+00  2.0102E+00  0.0000E+00  2.0102E+00  1.7285E+00
  9.0000E-01  4.2000E+00  3.6000E+00  5.8100E+00  3.4400E+00  0.0000E+00  1.5604E+00  0.0000E+00  1.5604E+00  1.3417E+00
  9.0000E-01  4.2000E+00  3.6000E+00  5.8100E+00  3.4400E+00  0.0000E+00  1.9812E+00  0.0000E+00  1.9812E+00  1.7036E+00
  9.0000E-01  4.2000E+00  3.6000E+00  5.8100E+00  3.4400E+00  0.0000E+00  1.5568E+00  0.0000E+00  1.5568E+00  1.3386E+00
  9.0000E-01  4.2000E+00  3.6000E+00  5.8100E+00  3.4400E+00  0.0000E+00  9.1672E-01  0.0000E+00  9.1672E-01  7.8826E-01
  9.0000E-01  4.2000E+00  3.6000E+00  5.8100E+00  3.4400E+00  0.0000E+00  3.4248E-01  0.0000E+00  3.4248E-01  2.9449E-01
  9.0000E-01  4.2000E+00  3.6000E+00  5.8100E+00  3.4400E+00  0.0000E+00  3.4077E-01  0.0000E+00  3.4077E-01  2.9302E-01
  9.0000E-01  4.2000E+00  3.6000E+00  5.8100E+00  3.4400E+00  0.0000E+00  3.3168E-01  0.0000E+00  3.3168E-01  2.8520E-01
  9.0000E-01  4.2000E+00  3.6000E+00  5.8100E+00  3.4400E+00  0.0000E+00  4.2032E-01  0.0000E+00  4.2032E-01  3.6142E-01
  9.0000E-01  4.2000E+00  3.6000E+00  5.8100E+00  3.4400E+00  0.0000E+00  1.2634E+00  0.0000E+00  1.2634E+00  1.0864E+00
  9.0000E-01  4.2000E+00  3.6000E+00  5.8100E+00  3.4400E+00  0.0000E+00  2.1585E+00  0.0000E+00  2.1585E+00  1.8560E+00
  9.0000E-01  4.2000E+00  3.6000E+00  5.8100E+00  3.4400E+00  0.0000E+00  2.2313E+00  0.0000E+00  2.2313E+00  1.9186E+00
  9.0000E-01  4.2000E+00  3.6000E+00  5.8100E+00  3.4400E+00  0.0000E+00  1.5530E+00  0.0000E+00  1.5530E+00  1.3354E+00
  9.0000E-01  4.2000E+00  3.6000E+00  5.8100E+00  3.4400E+00  0.0000E+00  4.6178E-01  0.0000E+00  4.6178E-01  3.9707E-01
  9.0000E-01  4.2000E+00  3.6000E+00  5.8100E+00  3.4400E+00  0.0000E+00  3.9662E-01  0.0000E+00  3.9662E-01  3.4104E-01
  9.0000E-01  4.2000E+00  3.6000E+00  5.8100E+00  3.4400E+00  0.0000E+00  1.4573E-01  0.0000E+00  1.4573E-01  1.2531E-01
  9.0000E-01  4.2000E+00  3.6000E+00  5.8100E+00  3.4400E+00  0.0000E+00  1.0880E-01  0.0000E+00  1.0880E-01  9.3554E-02
  9.0000E-01  4.2000E+00  3.6000E+00  5.8100E+00  3.4400E+00  0.0000E+00  1.0738E-01  0.0000E+00  1.0738E-01  9.2333E-02
  9.0000E-01  4.2000E+00  3.6000E+00  5.8100E+00  3.4400E+00  0.0000E+00  1.9282E+00  0.0000E+00  1.9282E+00  1.6580E+00
  9.0000E-01  4.2000E+00  3.6000E+00  5.8100E+00  3.4400E+00  0.0000E+00  3.1695E+00  0.0000E+00  3.1695E+00  2.7254E+00
  9.0000E-01  4.2000E+00  3.6000E+00  5.8100E+00  3.4400E+00  0.0000E+00  2.7600E+00  0.0000E+00  2.7600E+00  2.3732E+00
  9.0000E-01  4.2000E+00  3.6000E+00  5.8100E+00  3.4400E+00  0.0000E+00  8.1312E-01  0.0000E+00  8.1312E-01  6.9918E-01
  9.0000E-01  4.2000E+00  3.6000E+00  5.8100E+00  3.4400E+00  0.0000E+00  1.2258E-01  0.0000E+00  1.2258E-01  1.0540E-01
  9.0000E-01  4.2000E+00  3.6000E+00  5.8100E+00  3.4400E+00  0.0000E+00  6.3173E-01  0.0000E+00  6.3173E-01  5.4321E-01
  9.0000E-01  4.2000E+00  3.6000E+00  5.8100E+00  3.4400E+00  0.0000E+00  5.5530E+00  0.0000E+00  5.5530E+00  4.7749E+00
  9.0000E-01  4.2000E+00  3.6000E+00  5.8100E+00  3.4400E+00  0.0000E+00  5.5190E+00  0.0000E+00  5.5190E+00  4.7456E+00
  9.0000E-01  4.2000E+00  3.6000E+00  5.8100E+00  3.4400E+00  0.0000E+00  1.8032E+00  0.0000E+00  1.8032E+00  1.5505E+00
  9.0000E-01  4.2000E+00  3.6000E+00  5.8100E+00  3.4400E+00  0.0000E+00  2.2293E+00  0.0000E+00  2.2293E+00  1.9169E+00
  9.0000E-01  4.2000E+00  3.6000E+00  5.8100E+00  3.4400E+00  0.0000E+00  4.6981E-01  0.0000E+00  4.6981E-01  4.0398E-01
  9.0000E-01  4.2000E+00  3.6000E+00  5.8100E+00  3.4400E+00  0.0000E+00  2.9599E-01  0.0000E+00  2.9599E-01  2.5451E-01
  9.0000E-01  4.2000E+00  3.6000E+00  5.8100E+00  3.4400E+00  0.0000E+00  2.2859E-01  0.0000E+00  2.2859E-01  1.9656E-01
  9.0000E-01  4.2000E+00  3.6000E+00  5.8100E+00  3.4400E+00  0.0000E+00  1.8399E-01  0.0000E+00  1.8399E-01  1.5821E-01
  9.0000E-01  4.2000E+00  3.6000E+00  5.8100E+00  3.4400E+00  0.0000E+00  6.0657E-01  0.0000E+00  6.0657E-01  5.2157E-01
  9.0000E-01  4.2000E+00  3.6000E+00  5.8100E+00  3.4400E+00  0.0000E+00  1.2839E+00  0.0000E+00  1.2839E+00  1.1040E+00
  9.0000E-01  4.2000E+00  3.6000E+00  5.8100E+00  3.4400E+00  0.0000E+00  4.0217E+00  0.0000E+00  4.0217E+00  3.4581E+00
  9.0000E-01  4.2000E+00  3.6000E+00  5.8100E+00  3.4400E+00  0.0000E+00  1.9996E+00  0.0000E+00  1.9996E+00  1.7194E+00
  9.0000E-01  4.2000E+00  3.6000E+00  5.8100E+00  3.4400E+00  0.0000E+00  2.6361E+00  0.0000E+00  2.6361E+00  2.2667E+00
  9.0000E-01  4.2000E+00  3.6000E+00  5.8100E+00  3.4400E+00  0.0000E+00  1.1642E+00  0.0000E+00  1.1642E+00  1.0011E+00
  9.0000E-01  4.2000E+00  3.6000E+00  5.8100E+00  3.4400E+00  0.0000E+00  3.6105E-01  0.0000E+00  3.6105E-01  3.1046E-01
  9.0000E-01  4.2000E+00  3.6000E+00  5.8100E+00  3.4400E+00  0.0000E+00  2.8669E-01  0.0000E+00  2.8669E-01  2.4652E-01
  9.0000E-01  4.2000E+00  3.6000E+00  5.8100E+00  3.4400E+00  0.0000E+00  2.2182E-01  0.0000E+00  2.2182E-01  1.9074E-01
  9.0000E-01  4.2000E+00  3.6000E+00  5.8100E+00  3.4400E+00  0.0000E+00  1.0539E+00  0.0000E+00  1.0539E+00  9.0622E-01
  9.0000E-01  4.2000E+00  3.6000E+00  5.8100E+00  3.4400E+00  0.0000E+00  2.5788E+00  0.0000E+00  2.5788E+00  2.2174E+00
  9.0000E-01  4.2000E+00  3.6000E+00  5.8100E+00  3.4400E+00  0.0000E+00  2.3282E+00  0.0000E+00  2.3282E+00  2.0020E+00
  9.0000E-01  4.2000E+00  3.6000E+00  5.8100E+00  3.4400E+00  0.0000E+00  2.0515E+00  0.0000E+00  2.0515E+00  1.7640E+00
  9.0000E-01  4.2000E+00  3.6000E+00  5.8100E+00  3.4400E+00  0.0000E+00  2.4871E+00  0.0000E+00  2.4871E+00  2.1386E+00
  9.0000E-01  4.2000E+00  3.6000E+00  5.8100E+00  3.4400E+00  0.0000E+00  5.6674E-01  0.0000E+00  5.6674E-01  4.8732E-01
  9.0000E-01  4.2000E+00  3.6000E+00  5.8100E+00  3.4400E+00  0.0000E+00  1.2666E-01  0.0000E+00  1.2666E-01  1.0891E-01
  9.0000E-01  4.2000E+00  3.6000E+00  5.8100E+00  3.4400E+00  0.0000E+00  1.9183E-01  0.0000E+00  1.9183E-01  1.6495E-01
  9.0000E-01  4.2000E+00  3.6000E+00  5.8100E+00  3.4400E+00  0.0000E+00  1.8005E-01  0.0000E+00  1.8005E-01  1.5482E-01
  9.0000E-01  4.2000E+00  3.6000E+00  5.8100E+00  3.4400E+00  0.0000E+00  8.5598E-01  0.0000E+00  8.5598E-01  7.3603E-01
  9.0000E-01  4.2000E+00  3.6000E+00  5.8100E+00  3.4400E+00  0.0000E+00  6.7873E-01  0.0000E+00  6.7873E-01  5.8362E-01
  9.0000E-01  4.2000E+00  3.6000E+00  5.8100E+00  3.4400E+00  0.0000E+00  3.8656E+00  0.0000E+00  3.8656E+00  3.3239E+00
  9.0000E-01  4.2000E+00  3.6000E+00  5.8100E+00  3.4400E+00  0.0000E+00  1.0407E+00  0.0000E+00  1.0407E+00  8.9487E-01
  9.0000E-01  4.2000E+00  3.6000E+00  5.8100E+00  3.4400E+00  0.0000E+00  4.2043E-01  0.0000E+00  4.2043E-01  3.6152E-01
  9.0000E-01  4.2000E+00  3.6000E+00  5.8100E+00  3.4400E+00  0.0000E+00  1.2314E-01  0.0000E+00  1.2314E-01  1.0588E-01
  9.0000E-01  4.2000E+00  3.6000E+00  5.8100E+00  3.4400E+00  0.0000E+00  1.5408E+00  0.0000E+00  1.5408E+00  1.3249E+00
  9.0000E-01  4.2000E+00  3.6000E+00  5.8100E+00  3.4400E+00  0.0000E+00  3.1692E+00  0.0000E+00  3.1692E+00  2.7251E+00
  9.0000E-01  4.2000E+00  3.6000E+00  5.8100E+00  3.4400E+00  0.0000E+00  2.5511E+00  0.0000E+00  2.5511E+00  2.1936E+00
  9.0000E-01  4.2000E+00  3.6000E+00  5.8100E+00  3.4400E+00  0.0000E+00  3.2987E+00  0.0000E+00  3.2987E+00  2.8365E+00
  9.0000E-01  4.2000E+00  3.6000E+00  5.8100E+00  3.4400E+00  0.0000E+00  1.4280E+00  0.0000E+00  1.4280E+00  1.2279E+00
  9.0000E-01  4.2000E+00  3.6000E+00  5.8100E+00  3.4400E+00  0.0000E+00  1.2534E+00  0.0000E+00  1.2534E+00  1.0778E+00
  9.0000E-01  4.2000E+00  3.6000E+00  5.8100E+00  3.4400E+00  0.0000E+00  7.3797E-01  0.0000E+00  7.3797E-01  6.3456E-01
  9.0000E-01  4.2000E+00  3.6000E+00  5.8100E+00  3.4400E+00  0.0000E+00  2.0865E-01  0.0000E+00  2.0865E-01  1.7941E-01
  9.0000E-01  4.2000E+00  3.6000E+00  5.8100E+00  3.4400E+00  0.0000E+00  2.3023E-01  0.0000E+00  2.3023E-01  1.9797E-01
  9.0000E-01  4.2000E+00  3.6000E+00  5.8100E+00  3.4400E+00  0.0000E+00  5.4414E-01  0.0000E+00  5.4414E-01  4.6789E-01
  9.0000E-01  4.2000E+00  3.6000E+00  5.8100E+00  3.4400E+00  0.0000E+00  2.2678E+00  0.0000E+00  2.2678E+00  1.9500E+00
  9.0000E-01  4.2000E+00  3.6000E+00  5.8100E+00  3.4400E+00  0.0000E+00  1.9784E+00  0.0000E+00  1.9784E+00  1.7012E+00
  9.0000E-01  4.2000E+00  3.6000E+00  5.8100E+00  3.4400E+00  0.0000E+00  1.1130E+00  0.0000E+00  1.1130E+00  9.5704E-01
  9.0000E-01  4.2000E+00  3.6000E+00  5.8100E+00  3.4400E+00  0.0000E+00  5.4381E-01  0.0000E+00  5.4381E-01  4.6761E-01
  9.0000E-01  4.2000E+00  3.6000E+00  5.8100E+00  3.4400E+00  0.0000E+00  2.2436E-01  0.0000E+00  2.2436E-01  1.9292E-01
  9.0000E-01  4.2000E+00  3.6000E+00  5.8100E+00  3.4400E+00  0.0000E+00  1.1733E-01  0.0000E+00  1.1733E-01  1.0089E-01
  9.0000E-01  4.2000E+00  3.6000E+00  5.8100E+00  3.4400E+00  0.0000E+00  4.7157E-01  0.0000E+00  4.7157E-01  4.0549E-01
  9.0000E-01  4.2000E+00  3.6000E+00  5.8100E+00  3.4400E+00  0.0000E+00  1.6759E+00  0.0000E+00  1.6759E+00  1.4411E+00
  9.0000E-01  4.2000E+00  3.6000E+00  5.8100E+00  3.4400E+00  0.0000E+00  2.3460E+00  0.0000E+00  2.3460E+00  2.0173E+00
  9.0000E-01  4.2000E+00  3.6000E+00  5.8100E+00  3.4400E+00  0.0000E+00  1.3633E+00  0.0000E+00  1.3633E+00  1.1723E+00
  9.0000E-01  4.2000E+00  3.6000E+00  5.8100E+00  3.4400E+00  0.0000E+00  5.4386E-01  0.0000E+00  5.4386E-01  4.6765E-01
  9.0000E-01  4.2000E+00  3.6000E+00  5.8100E+00  3.4400E+00  0.0000E+00  3.6475E-01  0.0000E+00  3.6475E-01  3.1364E-01
  9.0000E-01  4.2000E+00  3.6000E+00  5.8100E+00  3.4400E+00  0.0000E+00  1.5013E-01  0.0000E+00  1.5013E-01  1.2909E-01
  9.0000E-01  4.2000E+00  3.6000E+00  5.8100E+00  3.4400E+00  0.0000E+00  9.7114E-02  0.0000E+00  9.7114E-02  8.3506E-02
  9.0000E-01  4.2000E+00  3.6000E+00  5.8100E+00  3.4400E+00  0.0000E+00  5.5928E-02  0.0000E+00  5.5928E-02  4.8091E-02
  9.0000E-01  4.2000E+00  3.6000E+00  5.8100E+00  3.4400E+00  0.0000E+00  9.7813E-01  0.0000E+00  9.7813E-01  8.4107E-01
  9.0000E-01  4.2000E+00  3.6000E+00  5.8100E+00  3.4400E+00  0.0000E+00  1.3451E+00  0.0000E+00  1.3451E+00  1.1566E+00
  9.0000E-01  4.2000E+00  3.6000E+00  5.8100E+00  3.4400E+00  0.0000E+00  2.1930E+00  0.0000E+00  2.1930E+00  1.8857E+00
  9.0000E-01  4.2000E+00  3.6000E+00  5.8100E+00  3.4400E+00  0.0000E+00  4.3448E+00  0.0000E+00  4.3448E+00  3.7360E+00
  9.0000E-01  4.2000E+00  3.6000E+00  5.8100E+00  3.4400E+00  0.0000E+00  1.7942E+00  0.0000E+00  1.7942E+00  1.5428E+00
  9.0000E-01  4.2000E+00  3.6000E+00  5.8100E+00  3.4400E+00  0.0000E+00  2.3774E-01  0.0000E+00  2.3774E-01  2.0443E-01
  9.0000E-01  4.2000E+00  3.6000E+00  5.8100E+00  3.4400E+00  0.0000E+00  5.6814E-01  0.0000E+00  5.6814E-01  4.8853E-01
  9.0000E-01  4.2000E+00  3.6000E+00  5.8100E+00  3.4400E+00  0.0000E+00  2.3579E-01  0.0000E+00  2.3579E-01  2.0275E-01
  9.0000E-01  4.2000E+00  3.6000E+00  5.8100E+00  3.4400E+00  0.0000E+00  2.7051E-01  0.0000E+00  2.7051E-01  2.3260E-01
  9.0000E-01  4.2000E+00  3.6000E+00  5.8100E+00  3.4400E+00  0.0000E+00  1.0447E+00  0.0000E+00  1.0447E+00  8.9831E-01
  9.0000E-01  4.2000E+00  3.6000E+00  5.8100E+00  3.4400E+00  0.0000E+00  3.2760E+00  0.0000E+00  3.2760E+00  2.8169E+00
  9.0000E-01  4.2000E+00  3.6000E+00  5.8100E+00  3.4400E+00  0.0000E+00  1.0359E+00  0.0000E+00  1.0359E+00  8.9074E-01
  9.0000E-01  4.2000E+00  3.6000E+00  5.8100E+00  3.4400E+00  0.0000E+00  2.1682E+00  0.0000E+00  2.1682E+00  1.8644E+00
  9.0000E-01  4.2000E+00  3.6000E+00  5.8100E+00  3.4400E+00  0.0000E+00  2.0773E-01  0.0000E+00  2.0773E-01  1.7862E-01
  9.0000E-01  4.2000E+00  3.6000E+00  5.8100E+00  3.4400E+00  0.0000E+00  9.7537E-02  0.0000E+00  9.7537E-02  8.3869E-02
  9.0000E-01  4.2000E+00  3.6000E+00  5.8100E+00  3.4400E+00  0.0000E+00  5.0210E-02  0.0000E+00  5.0210E-02  4.3174E-02
  9.0000E-01  4.2000E+00  3.6000E+00  5.8100E+00  3.4400E+00  0.0000E+00  7.0949E-01  0.0000E+00  7.0949E-01  6.1007E-01
  9.0000E-01  4.2000E+00  3.6000E+00  5.8100E+00  3.4400E+00  0.0000E+00  2.8874E+00  0.0000E+00  2.8874E+00  2.4828E+00
  9.0000E-01  4.2000E+00  3.6000E+00  5.8100E+00  3.4400E+00  0.0000E+00  3.1830E+00  0.0000E+00  3.1830E+00  2.7370E+00
  9.0000E-01  4.2000E+00  3.6000E+00  5.8100E+00  3.4400E+00  0.0000E+00  2.4079E+00  0.0000E+00  2.4079E+00  2.0705E+00
  9.0000E-01  4.2000E+00  3.6000E+00  5.8100E+00  3.4400E+00  0.0000E+00  4.8919E-01  0.0000E+00  4.8919E-01  4.2064E-01
  9.0000E-01  4.2000E+00  3.6000E+00  5.8100E+00  3.4400E+00  0.0000E+00  2.9588E-01  0.0000E+00  2.9588E-01  2.5442E-01
  9.0000E-01  4.2000E+00  3.6000E+00  5.8100E+00  3.4400E+00  0.0000E+00  1.3962E-01  0.0000E+00  1.3962E-01  1.2006E-01
  9.0000E-01  4.2000E+00  3.6000E+00  5.8100E+00  3.4400E+00  0.0000E+00  1.7204E-01  0.0000E+00  1.7204E-01  1.4793E-01
  9.0000E-01  4.2000E+00  3.6000E+00  5.8100E+00  3.4400E+00  0.0000E+00  9.0917E-02  0.0000E+00  9.0917E-02  7.8177E-02
  9.0000E-01  4.2000E+00  3.6000E+00  5.8100E+00  3.4400E+00  0.0000E+00  2.3350E+00  0.0000E+00  2.3350E+00  2.0078E+00
  9.0000E-01  4.2000E+00  3.6000E+00  5.8100E+00  3.4400E+00  0.0000E+00  4.6233E+00  0.0000E+00  4.6233E+00  3.9754E+00
  9.0000E-01  4.2000E+00  3.6000E+00  5.8100E+00  3.4400E+00  0.0000E+00  3.6978E+00  0.0000E+00  3.6978E+00  3.1796E+00
  9.0000E-01  4.2000E+00  3.6000E+00  5.8100E+00  3.4400E+00  0.0000E+00  1.9026E+00  0.0000E+00  1.9026E+00  1.6360E+00
  9.0000E-01  4.2000E+00  3.6000E+00  5.8100E+00  3.4400E+00  0.0000E+00  8.3561E-01  0.0000E+00  8.3561E-01  7.1852E-01
  9.0000E-01  4.2000E+00  3.6000E+00  5.8100E+00  3.4400E+00  0.0000E+00  2.6192E-01  0.0000E+00  2.6192E-01  2.2522E-01
  9.0000E-01  4.2000E+00  3.6000E+00  5.8100E+00  3.4400E+00  0.0000E+00  1.2897E-01  0.0000E+00  1.2897E-01  1.1090E-01
  9.0000E-01  4.2000E+00  3.6000E+00  5.8100E+00  3.4400E+00  0.0000E+00  1.0278E-01  0.0000E+00  1.0278E-01  8.8378E-02
  9.0000E-01  4.2000E+00  3.6000E+00  5.8100E+00  3.4400E+00  0.0000E+00  6.9296E-02  0.0000E+00  6.9296E-02  5.9586E-02
  9.0000E-01  4.2000E+00  3.6000E+00  5.8100E+00  3.4400E+00  0.0000E+00  2.0721E+00  0.0000E+00  2.0721E+00  1.7817E+00
  9.0000E-01  4.2000E+00  3.6000E+00  5.8100E+00  3.4400E+00  0.0000E+00  2.7909E+00  0.0000E+00  2.7909E+00  2.3998E+00
  9.0000E-01  4.2000E+00  3.6000E+00  5.8100E+00  3.4400E+00  0.0000E+00  5.1248E+00  0.0000E+00  5.1248E+00  4.4067E+00
  9.0000E-01  4.2000E+00  3.6000E+00  5.8100E+00  3.4400E+00  0.0000E+00  3.5464E+00  0.0000E+00  3.5464E+00  3.0494E+00
  9.0000E-01  4.2000E+00  3.6000E+00  5.8100E+00  3.4400E+00  0.0000E+00  1.5664E+00  0.0000E+00  1.5664E+00  1.3469E+00
  9.0000E-01  4.2000E+00  3.6000E+00  5.8100E+00  3.4400E+00  0.0000E+00  3.2641E-01  0.0000E+00  3.2641E-01  2.8067E-01
  9.0000E-01  4.2000E+00  3.6000E+00  5.8100E+00  3.4400E+00  0.0000E+00  1.4500E-01  0.0000E+00  1.4500E-01  1.2468E-01
  9.0000E-01  4.2000E+00  3.6000E+00  5.8100E+00  3.4400E+00  0.0000E+00  7.2975E-02  0.0000E+00  7.2975E-02  6.2749E-02
  9.0000E-01  4.2000E+00  3.6000E+00  5.8100E+00  3.4400E+00  0.0000E+00  1.3812E-01  0.0000E+00  1.3812E-01  1.1877E-01
  9.0000E-01  4.2000E+00  3.6000E+00  5.8100E+00  3.4400E+00  0.0000E+00  3.9348E-01  0.0000E+00  3.9348E-01  3.3834E-01
  9.0000E-01  4.2000E+00  3.6000E+00  5.8100E+00  3.4400E+00  0.0000E+00  1.3333E+00  0.0000E+00  1.3333E+00  1.1465E+00
  9.0000E-01  4.2000E+00  3.6000E+00  5.8100E+00  3.4400E+00  0.0000E+00  2.9199E+00  0.0000E+00  2.9199E+00  2.5107E+00
  9.0000E-01  4.2000E+00  3.6000E+00  5.8100E+00  3.4400E+00  0.0000E+00  3.2434E+00  0.0000E+00  3.2434E+00  2.7889E+00
  9.0000E-01  4.2000E+00  3.6000E+00  5.8100E+00  3.4400E+00  0.0000E+00  1.1369E+00  0.0000E+00  1.1369E+00  9.7759E-01
  9.0000E-01  4.2000E+00  3.6000E+00  5.8100E+00  3.4400E+00  0.0000E+00  8.1552E-01  0.0000E+00  8.1552E-01  7.0124E-01
  9.0000E-01  4.2000E+00  3.6000E+00  5.8100E+00  3.4400E+00  0.0000E+00  5.8983E-01  0.0000E+00  5.8983E-01  5.0718E-01
  9.0000E-01  4.2000E+00  3.6000E+00  5.8100E+00  3.4400E+00  0.0000E+00  3.2216E-01  0.0000E+00  3.2216E-01  2.7702E-01
  9.0000E-01  4.2000E+00  3.6000E+00  5.8100E+00  3.4400E+00  0.0000E+00  2.4793E-01  0.0000E+00  2.4793E-01  2.1319E-01
  9.0000E-01  4.2000E+00  3.6000E+00  5.8100E+00  3.4400E+00  0.0000E+00  1.2661E+00  0.0000E+00  1.2661E+00  1.0887E+00
  9.0000E-01  4.2000E+00  3.6000E+00  5.8100E+00  3.4400E+00  0.0000E+00  2.2195E+00  0.0000E+00  2.2195E+00  1.9085E+00
  9.0000E-01  4.2000E+00  3.6000E+00  5.8100E+00  3.4400E+00  0.0000E+00  1.8931E+00  0.0000E+00  1.8931E+00  1.6278E+00
  9.0000E-01  4.2000E+00  3.6000E+00  5.8100E+00  3.4400E+00  0.0000E+00  1.3631E+00  0.0000E+00  1.3631E+00  1.1721E+00
  9.0000E-01  4.2000E+00  3.6000E+00  5.8100E+00  3.4400E+00  0.0000E+00  1.1019E+00  0.0000E+00  1.1019E+00  9.4749E-01
  9.0000E-01  4.2000E+00  3.6000E+00  5.8100E+00  3.4400E+00  0.0000E+00  2.6721E-01  0.0000E+00  2.6721E-01  2.2977E-01
  9.0000E-01  4.2000E+00  3.6000E+00  5.8100E+00  3.4400E+00  0.0000E+00  6.8213E-02  0.0000E+00  6.8213E-02  5.8654E-02
  9.0000E-01  4.2000E+00  3.6000E+00  5.8100E+00  3.4400E+00  0.0000E+00  7.1752E-01  0.0000E+00  7.1752E-01  6.1697E-01
  9.0000E-01  4.2000E+00  3.6000E+00  5.8100E+00  3.4400E+00  0.0000E+00  1.8174E+00  0.0000E+00  1.8174E+00  1.5627E+00
  9.0000E-01  4.2000E+00  3.6000E+00  5.8100E+00  3.4400E+00  0.0000E+00  2.0087E+00  0.0000E+00  2.0087E+00  1.7272E+00
  9.0000E-01  4.2000E+00  3.6000E+00  5.8100E+00  3.4400E+00  0.0000E+00  1.5626E+00  0.0000E+00  1.5626E+00  1.3436E+00
  9.0000E-01  4.2000E+00  3.6000E+00  5.8100E+00  3.4400E+00  0.0000E+00  1.8502E+00  0.0000E+00  1.8502E+00  1.5909E+00
  9.0000E-01  4.2000E+00  3.6000E+00  5.8100E+00  3.4400E+00  0.0000E+00  1.2647E+00  0.0000E+00  1.2647E+00  1.0875E+00
  9.0000E-01  4.2000E+00  3.6000E+00  5.8100E+00  3.4400E+00  0.0000E+00  6.8197E-01  0.0000E+00  6.8197E-01  5.8641E-01
  9.0000E-01  4.2000E+00  3.6000E+00  5.8100E+00  3.4400E+00  0.0000E+00  4.3507E-01  0.0000E+00  4.3507E-01  3.7410E-01
  9.0000E-01  4.2000E+00  3.6000E+00  5.8100E+00  3.4400E+00  0.0000E+00  3.1785E-01  0.0000E+00  3.1785E-01  2.7331E-01
  9.0000E-01  4.2000E+00  3.6000E+00  5.8100E+00  3.4400E+00  0.0000E+00  1.0334E+00  0.0000E+00  1.0334E+00  8.8859E-01
  9.0000E-01  4.2000E+00  3.6000E+00  5.8100E+00  3.4400E+00  0.0000E+00  2.8445E+00  0.0000E+00  2.8445E+00  2.4459E+00
  9.0000E-01  4.2000E+00  3.6000E+00  5.8100E+00  3.4400E+00  0.0000E+00  2.4939E+00  0.0000E+00  2.4939E+00  2.1444E+00
  9.0000E-01  4.2000E+00  3.6000E+00  5.8100E+00  3.4400E+00  0.0000E+00  1.6299E+00  0.0000E+00  1.6299E+00  1.4015E+00
  9.0000E-01  4.2000E+00  3.6000E+00  5.8100E+00  3.4400E+00  0.0000E+00  5.3568E-01  0.0000E+00  5.3568E-01  4.6062E-01
  9.0000E-01  4.2000E+00  3.6000E+00  5.8100E+00  3.4400E+00  0.0000E+00  1.1459E-01  0.0000E+00  1.1459E-01  9.8533E-02
  9.0000E-01  4.2000E+00  3.6000E+00  5.8100E+00  3.4400E+00  0.0000E+00  8.5280E-02  0.0000E+00  8.5280E-02  7.3330E-02
  9.0000E-01  4.2000E+00  3.6000E+00  5.8100E+00  3.4400E+00  0.0000E+00  1.5278E+00  0.0000E+00  1.5278E+00  1.3137E+00
  9.0000E-01  4.2000E+00  3.6000E+00  5.8100E+00  3.4400E+00  0.0000E+00  4.3087E+00  0.0000E+00  4.3087E+00  3.7049E+00
  9.0000E-01  4.2000E+00  3.6000E+00  5.8100E+00  3.4400E+00  0.0000E+00  3.7125E+00  0.0000E+00  3.7125E+00  3.1923E+00
  9.0000E-01  4.2000E+00  3.6000E+00  5.8100E+00  3.4400E+00  0.0000E+00  3.3198E+00  0.0000E+00  3.3198E+00  2.8546E+00
  9.0000E-01  4.2000E+00  3.6000E+00  5.8100E+00  3.4400E+00  0.0000E+00  1.5593E+00  0.0000E+00  1.5593E+00  1.3408E+00
  9.0000E-01  4.2000E+00  3.6000E+00  5.8100E+00  3.4400E+00  0.0000E+00  7.6807E-02  0.0000E+00  7.6807E-02  6.6044E-02
  9.0000E-01  4.2000E+00  3.6000E+00  5.8100E+00  3.4400E+00  0.0000E+00  1.1618E-01  0.0000E+00  1.1618E-01  9.9900E-02
  9.0000E-01  4.2000E+00  3.6000E+00  5.8100E+00  3.4400E+00  0.0000E+00  9.8357E-02  0.0000E+00  9.8357E-02  8.4574E-02
  9.0000E-01  4.2000E+00  3.6000E+00  5.8100E+00  3.4400E+00  0.0000E+00  1.0685E-01  0.0000E+00  1.0685E-01  9.1877E-02
  9.0000E-01  4.2000E+00  3.6000E+00  5.8100E+00  3.4400E+00  0.0000E+00  6.4220E-01  0.0000E+00  6.4220E-01  5.5221E-01
  9.0000E-01  4.2000E+00  3.6000E+00  5.8100E+00  3.4400E+00  0.0000E+00  2.4457E+00  0.0000E+00  2.4457E+00  2.1030E+00
  9.0000E-01  4.2000E+00  3.6000E+00  5.8100E+00  3.4400E+00  0.0000E+00  3.5908E+00  0.0000E+00  3.5908E+00  3.0876E+00
  9.0000E-01  4.2000E+00  3.6000E+00  5.8100E+00  3.4400E+00  0.0000E+00  4.1654E+00  0.0000E+00  4.1654E+00  3.5817E+00
  9.0000E-01  4.2000E+00  3.6000E+00  5.8100E+00  3.4400E+00  0.0000E+00  1.4329E+00  0.0000E+00  1.4329E+00  1.2321E+00
  9.0000E-01  4.2000E+00  3.6000E+00  5.8100E+00  3.4400E+00  0.0000E+00  7.3403E-01  0.0000E+00  7.3403E-01  6.3117E-01
  9.0000E-01  4.2000E+00  3.6000E+00  5.8100E+00  3.4400E+00  0.0000E+00  3.8258E-01  0.0000E+00  3.8258E-01  3.2897E-01
  9.0000E-01  4.2000E+00  3.6000E+00  5.8100E+00  3.4400E+00  0.0000E+00  1.7337E-01  0.0000E+00  1.7337E-01  1.4908E-01
  9.0000E-01  4.2000E+00  3.6000E+00  5.8100E+00  3.4400E+00  0.0000E+00  2.4384E-01  0.0000E+00  2.4384E-01  2.0967E-01
  9.0000E-01  4.2000E+00  3.6000E+00  5.8100E+00  3.4400E+00  0.0000E+00  3.2069E+00  0.0000E+00  3.2069E+00  2.7575E+00
  9.0000E-01  4.2000E+00  3.6000E+00  5.8100E+00  3.4400E+00  0.0000E+00  4.3127E+00  0.0000E+00  4.3127E+00  3.7084E+00
  9.0000E-01  4.2000E+00  3.6000E+00  5.8100E+00  3.4400E+00  0.0000E+00  4.4909E+00  0.0000E+00  4.4909E+00  3.8616E+00
  9.0000E-01  4.2000E+00  3.6000E+00  5.8100E+00  3.4400E+00  0.0000E+00  1.8174E+00  0.0000E+00  1.8174E+00  1.5627E+00
  9.0000E-01  4.2000E+00  3.6000E+00  5.8100E+00  3.4400E+00  0.0000E+00  4.7795E-01  0.0000E+00  4.7795E-01  4.1098E-01
  9.0000E-01  4.2000E+00  3.6000E+00  5.8100E+00  3.4400E+00  0.0000E+00  1.9892E-01  0.0000E+00  1.9892E-01  1.7105E-01
  9.0000E-01  4.2000E+00  3.6000E+00  5.8100E+00  3.4400E+00  0.0000E+00  1.5005E-01  0.0000E+00  1.5005E-01  1.2902E-01
  9.0000E-01  4.2000E+00  3.6000E+00  5.8100E+00  3.4400E+00  0.0000E+00  8.5676E-02  0.0000E+00  8.5676E-02  7.3670E-02
  9.0000E-01  4.2000E+00  3.6000E+00  5.8100E+00  3.4400E+00  0.0000E+00  9.8081E-02  0.0000E+00  9.8081E-02  8.4337E-02
  9.0000E-01  4.2000E+00  3.6000E+00  5.8100E+00  3.4400E+00  0.0000E+00  2.0518E+00  0.0000E+00  2.0518E+00  1.7643E+00
  9.0000E-01  4.2000E+00  3.6000E+00  5.8100E+00  3.4400E+00  0.0000E+00  2.9713E+00  0.0000E+00  2.9713E+00  2.5549E+00
  9.0000E-01  4.2000E+00  3.6000E+00  5.8100E+00  3.4400E+00  0.0000E+00  3.2280E+00  0.0000E+00  3.2280E+00  2.7757E+00
  9.0000E-01  4.2000E+00  3.6000E+00  5.8100E+00  3.4400E+00  0.0000E+00  1.8350E+00  0.0000E+00  1.8350E+00  1.5779E+00
  9.0000E-01  4.2000E+00  3.6000E+00  5.8100E+00  3.4400E+00  0.0000E+00  7.5430E-01  0.0000E+00  7.5430E-01  6.4860E-01
  9.0000E-01  4.2000E+00  3.6000E+00  5.8100E+00  3.4400E+00  0.0000E+00  6.1321E-01  0.0000E+00  6.1321E-01  5.2728E-01
  9.0000E-01  4.2000E+00  3.6000E+00  5.8100E+00  3.4400E+00  0.0000E+00  1.3569E-01  0.0000E+00  1.3569E-01  1.1668E-01
  9.0000E-01  4.2000E+00  3.6000E+00  5.8100E+00  3.4400E+00  0.0000E+00  3.3498E-01  0.0000E+00  3.3498E-01  2.8804E-01
  9.0000E-01  4.2000E+00  3.6000E+00  5.8100E+00  3.4400E+00  0.0000E+00  7.7650E-01  0.0000E+00  7.7650E-01  6.6769E-01
  9.0000E-01  4.2000E+00  3.6000E+00  5.8100E+00  3.4400E+00  0.0000E+00  1.7670E+00  0.0000E+00  1.7670E+00  1.5194E+00
  9.0000E-01  4.2000E+00  3.6000E+00  5.8100E+00  3.4400E+00  0.0000E+00  2.7276E+00  0.0000E+00  2.7276E+00  2.3454E+00
  9.0000E-01  4.2000E+00  3.6000E+00  5.8100E+00  3.4400E+00  0.0000E+00  2.1203E+00  0.0000E+00  2.1203E+00  1.8232E+00
  9.0000E-01  4.2000E+00  3.6000E+00  5.8100E+00  3.4400E+00  0.0000E+00  7.2436E-01  0.0000E+00  7.2436E-01  6.2286E-01
  9.0000E-01  4.2000E+00  3.6000E+00  5.8100E+00  3.4400E+00  0.0000E+00  9.0244E-01  0.0000E+00  9.0244E-01  7.7598E-01
  9.0000E-01  4.2000E+00  3.6000E+00  5.8100E+00  3.4400E+00  0.0000E+00  3.6619E-01  0.0000E+00  3.6619E-01  3.1488E-01
  9.0000E-01  4.2000E+00  3.6000E+00  5.8100E+00  3.4400E+00  0.0000E+00  2.3600E-01  0.0000E+00  2.3600E-01  2.0293E-01
  9.0000E-01  4.2000E+00  3.6000E+00  5.8100E+00  3.4400E+00  0.0000E+00  1.4187E-01  0.0000E+00  1.4187E-01  1.2199E-01
  9.0000E-01  4.2000E+00  3.6000E+00  5.8100E+00  3.4400E+00  0.0000E+00  6.3351E-01  0.0000E+00  6.3351E-01  5.4474E-01
  9.0000E-01  4.2000E+00  3.6000E+00  5.8100E+00  3.4400E+00  0.0000E+00  3.8886E+00  0.0000E+00  3.8886E+00  3.3437E+00
  9.0000E-01  4.2000E+00  3.6000E+00  5.8100E+00  3.4400E+00  0.0000E+00  3.0963E+00  0.0000E+00  3.0963E+00  2.6624E+00
  9.0000E-01  4.2000E+00  3.6000E+00  5.8100E+00  3.4400E+00  0.0000E+00  3.2475E+00  0.0000E+00  3.2475E+00  2.7924E+00
  9.0000E-01  4.2000E+00  3.6000E+00  5.8100E+00  3.4400E+00  0.0000E+00  1.9013E+00  0.0000E+00  1.9013E+00  1.6349E+00
  9.0000E-01  4.2000E+00  3.6000E+00  5.8100E+00  3.4400E+00  0.0000E+00  4.8786E-01  0.0000E+00  4.8786E-01  4.1950E-01
  9.0000E-01  4.2000E+00  3.6000E+00  5.8100E+00  3.4400E+00  0.0000E+00  3.3389E-01  0.0000E+00  3.3389E-01  2.8710E-01
  9.0000E-01  4.2000E+00  3.6000E+00  5.8100E+00  3.4400E+00  0.0000E+00  1.7029E-01  0.0000E+00  1.7029E-01  1.4643E-01
  9.0000E-01  4.2000E+00  3.6000E+00  5.8100E+00  3.4400E+00  0.0000E+00  1.8108E-01  0.0000E+00  1.8108E-01  1.5571E-01
  9.0000E-01  4.2000E+00  3.6000E+00  5.8100E+00  3.4400E+00  0.0000E+00  8.6104E-01  0.0000E+00  8.6104E-01  7.4038E-01
  9.0000E-01  4.2000E+00  3.6000E+00  5.8100E+00  3.4400E+00  0.0000E+00  3.7022E+00  0.0000E+00  3.7022E+00  3.1834E+00
  9.0000E-01  4.2000E+00  3.6000E+00  5.8100E+00  3.4400E+00  0.0000E+00  3.9559E+00  0.0000E+00  3.9559E+00  3.4016E+00
  9.0000E-01  4.2000E+00  3.6000E+00  5.8100E+00  3.4400E+00  0.0000E+00  3.1761E+00  0.0000E+00  3.1761E+00  2.7310E+00
  9.0000E-01  4.2000E+00  3.6000E+00  5.8100E+00  3.4400E+00  0.0000E+00  1.6545E+00  0.0000E+00  1.6545E+00  1.4227E+00
  9.0000E-01  4.2000E+00  3.6000E+00  5.8100E+00  3.4400E+00  0.0000E+00  4.4108E-01  0.0000E+00  4.4108E-01  3.7927E-01
  9.0000E-01  4.2000E+00  3.6000E+00  5.8100E+00  3.4400E+00  0.0000E+00  2.8489E-01  0.0000E+00  2.8489E-01  2.4497E-01
  9.0000E-01  4.2000E+00  3.6000E+00  5.8100E+00  3.4400E+00  0.0000E+00  3.0512E-01  0.0000E+00  3.0512E-01  2.6236E-01
  9.0000E-01  4.2000E+00  3.6000E+00  5.8100E+00  3.4400E+00  0.0000E+00  2.4914E-01  0.0000E+00  2.4914E-01  2.1423E-01
  9.0000E-01  4.2000E+00  3.6000E+00  5.8100E+00  3.4400E+00  0.0000E+00  6.9625E-01  0.0000E+00  6.9625E-01  5.9869E-01
  9.0000E-01  4.2000E+00  3.6000E+00  5.8100E+00  3.4400E+00  0.0000E+00  1.8122E+00  0.0000E+00  1.8122E+00  1.5583E+00
  9.0000E-01  4.2000E+00  3.6000E+00  5.8100E+00  3.4400E+00  0.0000E+00  2.4193E+00  0.0000E+00  2.4193E+00  2.0803E+00
  9.0000E-01  4.2000E+00  3.6000E+00  5.8100E+00  3.4400E+00  0.0000E+00  1.3850E+00  0.0000E+00  1.3850E+00  1.1909E+00
  9.0000E-01  4.2000E+00  3.6000E+00  5.8100E+00  3.4400E+00  0.0000E+00  6.1468E-01  0.0000E+00  6.1468E-01  5.2855E-01
  9.0000E-01  4.2000E+00  3.6000E+00  5.8100E+00  3.4400E+00  0.0000E+00  2.4103E-01  0.0000E+00  2.4103E-01  2.0725E-01
  9.0000E-01  4.2000E+00  3.6000E+00  5.8100E+00  3.4400E+00  0.0000E+00  9.7516E-02  0.0000E+00  9.7516E-02  8.3851E-02
  9.0000E-01  4.2000E+00  3.6000E+00  5.8100E+00  3.4400E+00  0.0000E+00  8.0055E-02  0.0000E+00  8.0055E-02  6.8837E-02
  9.0000E-01  4.2000E+00  3.6000E+00  5.8100E+00  3.4400E+00  0.0000E+00  6.5688E-02  0.0000E+00  6.5688E-02  5.6483E-02
