TABLE NO.  1
 KA          V2          CL          V3          Q           IPRED       DV          PRED        RES         WRES
  2.3985E-01  6.1715E+00  3.6000E-02  1.4173E+03  1.0611E+02  0.0000E+00  0.0000E+00  0.0000E+00  0.0000E+00  0.0000E+00
  2.3985E-01  6.1715E+00  3.6000E-02  1.4173E+03  1.0611E+02  1.1900E-01  6.3257E-02  8.5951E-02 -2.2694E-02 -1.4960E+00
  2.3985E-01  6.1715E+00  3.6000E-02  1.4173E+03  1.0611E+02  1.2944E-01  7.3687E-02  9.5707E-02 -2.2020E-02 -1.3403E+00
  2.3985E-01  6.1715E+00  3.6000E-02  1.4173E+03  1.0611E+02  1.2127E-01  1.8979E-01  9.2096E-02  9.7694E-02  3.6094E+00
  2.3985E-01  6.1715E+00  3.6000E-02  1.4173E+03  1.0611E+02  1.0693E-01  1.3310E-01  8.5465E-02  4.7635E-02  1.7641E+00
  2.3985E-01  6.1715E+00  3.6000E-02  1.4173E+03  1.0611E+02  8.3704E-02  5.0000E-02  7.3727E-02 -2.3727E-02 -1.5182E+00
  2.3985E-01  6.1715E+00  3.6000E-02  1.4173E+03  1.0611E+02  5.8473E-02  5.0000E-02  5.8353E-02 -8.3534E-03 -6.2265E-01
  2.3985E-01  6.1715E+00  3.6000E-02  1.4173E+03  1.0611E+02  4.8883E-02  5.0000E-02  5.0637E-02 -6.3706E-04 -2.5208E-02
  2.3985E-01  6.1715E+00  3.6000E-02  1.4173E+03  1.0611E+02  4.4680E-02  5.0000E-02  4.5983E-02  4.0175E-03  3.7420E-01
  2.3985E-01  6.1715E+00  3.6000E-02  1.4173E+03  1.0611E+02  4.3640E-02  5.0000E-02  4.4276E-02  5.7237E-03  5.1635E-01
  1.5416E-01  6.1713E+00  3.6000E-02  1.4173E+03  1.0611E+02  0.0000E+00  0.0000E+00  0.0000E+00  0.0000E+00  0.0000E+00
  1.5416E-01  6.1713E+00  3.6000E-02  1.4173E+03  1.0611E+02  5.8582E-02  5.0000E-02  6.5451E-02 -1.5451E-02 -6.9688E-01
  1.5416E-01  6.1713E+00  3.6000E-02  1.4173E+03  1.0611E+02  8.5805E-02  9.7183E-02  9.5072E-02  2.1110E-03  2.3134E-01
  1.5416E-01  6.1713E+00  3.6000E-02  1.4173E+03  1.0611E+02  8.2091E-02  8.4462E-02  9.0039E-02 -5.5774E-03 -1.0126E-01
  1.5416E-01  6.1713E+00  3.6000E-02  1.4173E+03  1.0611E+02  7.7251E-02  9.9815E-02  8.3568E-02  1.6247E-02  8.7050E-01
  1.5416E-01  6.1713E+00  3.6000E-02  1.4173E+03  1.0611E+02  6.8120E-02  5.0000E-02  7.1669E-02 -2.1669E-02 -1.1016E+00
  1.5416E-01  6.1713E+00  3.6000E-02  1.4173E+03  1.0611E+02  5.6701E-02  5.0000E-02  5.7542E-02 -7.5423E-03 -4.9006E-01
  1.5416E-01  6.1713E+00  3.6000E-02  1.4173E+03  1.0611E+02  5.0423E-02  5.0000E-02  5.0327E-02 -3.2686E-04 -3.3886E-02
  1.5416E-01  6.1713E+00  3.6000E-02  1.4173E+03  1.0611E+02  4.6156E-02  5.0000E-02  4.5830E-02  4.1696E-03  3.2939E-01
  1.5416E-01  6.1713E+00  3.6000E-02  1.4173E+03  1.0611E+02  4.4447E-02  5.0000E-02  4.4213E-02  5.7868E-03  4.8320E-01
  1.1140E-01  6.1711E+00  3.6000E-02  1.4173E+03  1.0611E+02  0.0000E+00  0.0000E+00  0.0000E+00  0.0000E+00  0.0000E+00
  1.1140E-01  6.1711E+00  3.6000E-02  1.4173E+03  1.0611E+02  5.7886E-02  5.0000E-02  8.9066E-02 -3.9066E-02 -7.8965E-01
  1.1140E-01  6.1711E+00  3.6000E-02  1.4173E+03  1.0611E+02  6.3225E-02  7.5575E-02  9.4647E-02 -1.9072E-02  2.3403E-02
  1.1140E-01  6.1711E+00  3.6000E-02  1.4173E+03  1.0611E+02  6.2261E-02  6.2657E-02  9.0850E-02 -2.8193E-02 -4.4607E-01
  1.1140E-01  6.1711E+00  3.6000E-02  1.4173E+03  1.0611E+02  6.0324E-02  6.3535E-02  8.3543E-02 -2.0008E-02 -2.9267E-01
  1.1140E-01  6.1711E+00  3.6000E-02  1.4173E+03  1.0611E+02  5.6843E-02  5.0000E-02  7.1540E-02 -2.1540E-02 -7.6531E-01
  1.1140E-01  6.1711E+00  3.6000E-02  1.4173E+03  1.0611E+02  5.2099E-02  5.0000E-02  5.7786E-02 -7.7863E-03 -4.2098E-01
  1.1140E-01  6.1711E+00  3.6000E-02  1.4173E+03  1.0611E+02  4.9012E-02  5.0000E-02  5.0722E-02 -7.2172E-04 -9.3768E-02
  1.1140E-01  6.1711E+00  3.6000E-02  1.4173E+03  1.0611E+02  4.6263E-02  5.0000E-02  4.5988E-02  4.0116E-03  2.5433E-01
  1.1140E-01  6.1711E+00  3.6000E-02  1.4173E+03  1.0611E+02  4.4815E-02  5.0000E-02  4.4254E-02  5.7460E-03  4.3855E-01
  1.1171E-01  6.1711E+00  3.6000E-02  1.4173E+03  1.0611E+02  0.0000E+00  0.0000E+00  0.0000E+00  0.0000E+00  0.0000E+00
  1.1171E-01  6.1711E+00  3.6000E-02  1.4173E+03  1.0611E+02  6.1873E-02  5.0000E-02  9.4671E-02 -4.4671E-02 -8.9966E-01
  1.1171E-01  6.1711E+00  3.6000E-02  1.4173E+03  1.0611E+02  6.3809E-02  7.9001E-02  9.6498E-02 -1.7497E-02  1.6365E-01
  1.1171E-01  6.1711E+00  3.6000E-02  1.4173E+03  1.0611E+02  6.2765E-02  6.5457E-02  9.2210E-02 -2.6753E-02 -3.1368E-01
  1.1171E-01  6.1711E+00  3.6000E-02  1.4173E+03  1.0611E+02  6.1008E-02  5.0000E-02  8.5562E-02 -3.5562E-02 -9.0763E-01
  1.1171E-01  6.1711E+00  3.6000E-02  1.4173E+03  1.0611E+02  5.7388E-02  6.1901E-02  7.2992E-02 -1.1091E-02 -1.3392E-01
  1.1171E-01  6.1711E+00  3.6000E-02  1.4173E+03  1.0611E+02  5.2339E-02  5.0000E-02  5.8265E-02 -8.2654E-03 -4.3361E-01
  1.1171E-01  6.1711E+00  3.6000E-02  1.4173E+03  1.0611E+02  4.9149E-02  5.0000E-02  5.0943E-02 -9.4294E-04 -1.0811E-01
  1.1171E-01  6.1711E+00  3.6000E-02  1.4173E+03  1.0611E+02  4.6335E-02  5.0000E-02  4.6079E-02  3.9214E-03  2.4309E-01
  1.1171E-01  6.1711E+00  3.6000E-02  1.4173E+03  1.0611E+02  4.4893E-02  5.0000E-02  4.4329E-02  5.6710E-03  4.2738E-01
  1.4001E-01  6.1710E+00  3.6000E-02  1.4173E+03  1.0611E+02  0.0000E+00  0.0000E+00  0.0000E+00  0.0000E+00  0.0000E+00
  1.4001E-01  6.1710E+00  3.6000E-02  1.4173E+03  1.0611E+02  4.3111E-02  5.0000E-02  5.3027E-02 -3.0274E-03  3.4836E-01
  1.4001E-01  6.1710E+00  3.6000E-02  1.4173E+03  1.0611E+02  7.8902E-02  5.0000E-02  9.5860E-02 -4.5860E-02 -1.3357E+00
  1.4001E-01  6.1710E+00  3.6000E-02  1.4173E+03  1.0611E+02  7.6675E-02  7.9770E-02  9.1829E-02 -1.2059E-02 -5.2638E-02
  1.4001E-01  6.1710E+00  3.6000E-02  1.4173E+03  1.0611E+02  7.2122E-02  9.5357E-02  8.3812E-02  1.1545E-02  9.1088E-01
  1.4001E-01  6.1710E+00  3.6000E-02  1.4173E+03  1.0611E+02  6.5348E-02  5.0000E-02  7.2429E-02 -2.2429E-02 -9.5494E-01
  1.4001E-01  6.1710E+00  3.6000E-02  1.4173E+03  1.0611E+02  5.6027E-02  5.0000E-02  5.8110E-02 -8.1098E-03 -4.7770E-01
  1.4001E-01  6.1710E+00  3.6000E-02  1.4173E+03  1.0611E+02  5.0699E-02  5.0000E-02  5.0896E-02 -8.9592E-04 -8.8935E-02
  1.4001E-01  6.1710E+00  3.6000E-02  1.4173E+03  1.0611E+02  4.6523E-02  5.0000E-02  4.6032E-02  3.9678E-03  2.8186E-01
  1.4001E-01  6.1710E+00  3.6000E-02  1.4173E+03  1.0611E+02  4.4708E-02  5.0000E-02  4.4287E-02  5.7126E-03  4.5588E-01
  1.0476E-01  6.1711E+00  3.6000E-02  1.4173E+03  1.0611E+02  0.0000E+00  0.0000E+00  0.0000E+00  0.0000E+00  0.0000E+00
  1.0476E-01  6.1711E+00  3.6000E-02  1.4173E+03  1.0611E+02  5.9950E-02  5.0000E-02  9.6858E-02 -4.6858E-02 -8.5012E-01
  1.0476E-01  6.1711E+00  3.6000E-02  1.4173E+03  1.0611E+02  5.9490E-02  5.3488E-02  9.3731E-02 -4.0243E-02 -7.0368E-01
  1.0476E-01  6.1711E+00  3.6000E-02  1.4173E+03  1.0611E+02  5.8522E-02  7.8787E-02  8.8860E-02 -1.0073E-02  4.1870E-01
  1.0476E-01  6.1711E+00  3.6000E-02  1.4173E+03  1.0611E+02  5.7125E-02  5.0000E-02  8.2182E-02 -3.2182E-02 -7.8571E-01
  1.0476E-01  6.1711E+00  3.6000E-02  1.4173E+03  1.0611E+02  5.4599E-02  5.0000E-02  7.1191E-02 -2.1191E-02 -6.8048E-01
  1.0476E-01  6.1711E+00  3.6000E-02  1.4173E+03  1.0611E+02  5.0727E-02  5.0000E-02  5.7274E-02 -7.2739E-03 -3.8434E-01
  1.0476E-01  6.1711E+00  3.6000E-02  1.4173E+03  1.0611E+02  4.8182E-02  5.0000E-02  5.0304E-02 -3.0401E-04 -7.7519E-02
  1.0476E-01  6.1711E+00  3.6000E-02  1.4173E+03  1.0611E+02  4.5887E-02  5.0000E-02  4.5763E-02  4.2365E-03  2.6103E-01
  1.0476E-01  6.1711E+00  3.6000E-02  1.4173E+03  1.0611E+02  4.4704E-02  5.0000E-02  4.4203E-02  5.7972E-03  4.3537E-01
  9.7336E-02  6.1712E+00  3.6000E-02  1.4173E+03  1.0611E+02  0.0000E+00  0.0000E+00  0.0000E+00  0.0000E+00  0.0000E+00
  9.7336E-02  6.1712E+00  3.6000E-02  1.4173E+03  1.0611E+02  5.3589E-02  5.0000E-02  9.3983E-02 -4.3983E-02 -6.6364E-01
  9.7336E-02  6.1712E+00  3.6000E-02  1.4173E+03  1.0611E+02  5.5527E-02  5.0000E-02  9.3639E-02 -4.3639E-02 -7.6123E-01
  9.7336E-02  6.1712E+00  3.6000E-02  1.4173E+03  1.0611E+02  5.5113E-02  5.6598E-02  9.0649E-02 -3.4051E-02 -4.7463E-01
  9.7336E-02  6.1712E+00  3.6000E-02  1.4173E+03  1.0611E+02  5.3973E-02  6.1905E-02  8.2855E-02 -2.0950E-02 -1.6783E-01
  9.7336E-02  6.1712E+00  3.6000E-02  1.4173E+03  1.0611E+02  5.2030E-02  5.0000E-02  7.0995E-02 -2.0995E-02 -6.3548E-01
  9.7336E-02  6.1712E+00  3.6000E-02  1.4173E+03  1.0611E+02  4.9281E-02  5.0000E-02  5.7462E-02 -7.4624E-03 -3.8052E-01
  9.7336E-02  6.1712E+00  3.6000E-02  1.4173E+03  1.0611E+02  4.7296E-02  5.0000E-02  5.0229E-02 -2.2940E-04 -7.8051E-02
  9.7336E-02  6.1712E+00  3.6000E-02  1.4173E+03  1.0611E+02  4.5520E-02  5.0000E-02  4.5746E-02  4.2539E-03  2.5490E-01
  9.7336E-02  6.1712E+00  3.6000E-02  1.4173E+03  1.0611E+02  4.4536E-02  5.0000E-02  4.4168E-02  5.8316E-03  4.3486E-01
  1.9152E-01  6.1713E+00  3.6000E-02  1.4173E+03  1.0611E+02  0.0000E+00  0.0000E+00  0.0000E+00  0.0000E+00  0.0000E+00
  1.9152E-01  6.1713E+00  3.6000E-02  1.4173E+03  1.0611E+02  1.0630E-01  6.7591E-02  9.5960E-02 -2.8369E-02 -1.3620E+00
  1.9152E-01  6.1713E+00  3.6000E-02  1.4173E+03  1.0611E+02  1.0385E-01  1.1906E-01  9.4462E-02  2.4598E-02  7.5891E-01
  1.9152E-01  6.1713E+00  3.6000E-02  1.4173E+03  1.0611E+02  9.8776E-02  1.3329E-01  9.0590E-02  4.2700E-02  1.5872E+00
  1.9152E-01  6.1713E+00  3.6000E-02  1.4173E+03  1.0611E+02  8.7937E-02  9.2449E-02  8.2188E-02  1.0261E-02  3.0430E-01
  1.9152E-01  6.1713E+00  3.6000E-02  1.4173E+03  1.0611E+02  7.3769E-02  5.7499E-02  7.0880E-02 -1.3381E-02 -8.5346E-01
  1.9152E-01  6.1713E+00  3.6000E-02  1.4173E+03  1.0611E+02  5.7824E-02  5.0000E-02  5.7460E-02 -7.4601E-03 -5.3191E-01
  1.9152E-01  6.1713E+00  3.6000E-02  1.4173E+03  1.0611E+02  4.9897E-02  5.0000E-02  5.0261E-02 -2.6093E-04 -6.5098E-03
  1.9152E-01  6.1713E+00  3.6000E-02  1.4173E+03  1.0611E+02  4.5427E-02  5.0000E-02  4.5813E-02  4.1869E-03  3.6782E-01
  1.9152E-01  6.1713E+00  3.6000E-02  1.4173E+03  1.0611E+02  4.3990E-02  5.0000E-02  4.4213E-02  5.7868E-03  5.0752E-01
  1.6593E-01  6.1712E+00  3.6000E-02  1.4173E+03  1.0611E+02  0.0000E+00  0.0000E+00  0.0000E+00  0.0000E+00  0.0000E+00
  1.6593E-01  6.1712E+00  3.6000E-02  1.4173E+03  1.0611E+02  9.1550E-02  9.6482E-02  9.5006E-02  1.4761E-03  4.2941E-02
  1.6593E-01  6.1712E+00  3.6000E-02  1.4173E+03  1.0611E+02  9.2270E-02  9.1304E-02  9.5571E-02 -4.2674E-03 -1.8444E-01
  1.6593E-01  6.1712E+00  3.6000E-02  1.4173E+03  1.0611E+02  8.8633E-02  9.5125E-02  9.1544E-02  3.5808E-03  1.3576E-01
  1.6593E-01  6.1712E+00  3.6000E-02  1.4173E+03  1.0611E+02  8.2375E-02  1.0366E-01  8.4646E-02  1.9014E-02  8.5555E-01
  1.6593E-01  6.1712E+00  3.6000E-02  1.4173E+03  1.0611E+02  7.1337E-02  5.0000E-02  7.2588E-02 -2.2588E-02 -1.2217E+00
  1.6593E-01  6.1712E+00  3.6000E-02  1.4173E+03  1.0611E+02  5.7643E-02  5.0000E-02  5.7900E-02 -7.9004E-03 -5.3167E-01
  1.6593E-01  6.1712E+00  3.6000E-02  1.4173E+03  1.0611E+02  5.0640E-02  5.0000E-02  5.0581E-02 -5.8131E-04 -4.3500E-02
  1.6593E-01  6.1712E+00  3.6000E-02  1.4173E+03  1.0611E+02  4.5930E-02  5.0000E-02  4.5808E-02  4.1920E-03  3.4745E-01
  1.6593E-01  6.1712E+00  3.6000E-02  1.4173E+03  1.0611E+02  4.4277E-02  5.0000E-02  4.4198E-02  5.8019E-03  4.9523E-01
  1.4493E-01  6.1712E+00  3.6000E-02  1.4173E+03  1.0611E+02  0.0000E+00  0.0000E+00  0.0000E+00  0.0000E+00  0.0000E+00
  1.4493E-01  6.1712E+00  3.6000E-02  1.4173E+03  1.0611E+02  7.8986E-02  5.0509E-02  9.3613E-02 -4.3104E-02 -1.2441E+00
  1.4493E-01  6.1712E+00  3.6000E-02  1.4173E+03  1.0611E+02  8.0587E-02  6.5368E-02  9.4338E-02 -2.8970E-02 -7.1101E-01
  1.4493E-01  6.1712E+00  3.6000E-02  1.4173E+03  1.0611E+02  7.7588E-02  1.1613E-01  8.9494E-02  2.6636E-02  1.5610E+00
  1.4493E-01  6.1712E+00  3.6000E-02  1.4173E+03  1.0611E+02  7.3817E-02  7.9521E-02  8.3516E-02 -3.9949E-03  1.8265E-01
  1.4493E-01  6.1712E+00  3.6000E-02  1.4173E+03  1.0611E+02  6.6528E-02  5.0000E-02  7.2369E-02 -2.2369E-02 -9.5853E-01
  1.4493E-01  6.1712E+00  3.6000E-02  1.4173E+03  1.0611E+02  5.6202E-02  5.0000E-02  5.7746E-02 -7.7458E-03 -4.6227E-01
  1.4493E-01  6.1712E+00  3.6000E-02  1.4173E+03  1.0611E+02  5.0678E-02  5.0000E-02  5.0732E-02 -7.3214E-04 -7.7972E-02
  1.4493E-01  6.1712E+00  3.6000E-02  1.4173E+03  1.0611E+02  4.6457E-02  5.0000E-02  4.6009E-02  3.9906E-03  2.8448E-01
  1.4493E-01  6.1712E+00  3.6000E-02  1.4173E+03  1.0611E+02  4.4668E-02  5.0000E-02  4.4303E-02  5.6967E-03  4.5445E-01
  1.7564E-01  6.1712E+00  3.6000E-02  1.4173E+03  1.0611E+02  0.0000E+00  0.0000E+00  0.0000E+00  0.0000E+00  0.0000E+00
  1.7564E-01  6.1712E+00  3.6000E-02  1.4173E+03  1.0611E+02  9.8410E-02  7.7593E-02  9.6630E-02 -1.9037E-02 -8.1466E-01
  1.7564E-01  6.1712E+00  3.6000E-02  1.4173E+03  1.0611E+02  9.6534E-02  1.1922E-01  9.4888E-02  2.4332E-02  9.0769E-01
  1.7564E-01  6.1712E+00  3.6000E-02  1.4173E+03  1.0611E+02  9.2236E-02  8.4979E-02  9.0798E-02 -5.8186E-03 -3.0743E-01
  1.7564E-01  6.1712E+00  3.6000E-02  1.4173E+03  1.0611E+02  8.4363E-02  1.1295E-01  8.3288E-02  2.9662E-02  1.3243E+00
  1.7564E-01  6.1712E+00  3.6000E-02  1.4173E+03  1.0611E+02  7.2001E-02  5.0000E-02  7.1438E-02 -2.1438E-02 -1.2059E+00
  1.7564E-01  6.1712E+00  3.6000E-02  1.4173E+03  1.0611E+02  5.7519E-02  5.0000E-02  5.7425E-02 -7.4252E-03 -5.0983E-01
  1.7564E-01  6.1712E+00  3.6000E-02  1.4173E+03  1.0611E+02  5.0216E-02  5.0000E-02  5.0264E-02 -2.6374E-04 -1.6369E-02
  1.7564E-01  6.1712E+00  3.6000E-02  1.4173E+03  1.0611E+02  4.5663E-02  5.0000E-02  4.5728E-02  4.2719E-03  3.5964E-01
  1.7564E-01  6.1712E+00  3.6000E-02  1.4173E+03  1.0611E+02  4.4132E-02  5.0000E-02  4.4172E-02  5.8279E-03  5.0096E-01
  1.8805E-01  6.1717E+00  3.6000E-02  1.4173E+03  1.0611E+02  0.0000E+00  0.0000E+00  0.0000E+00  0.0000E+00  0.0000E+00
  1.8805E-01  6.1717E+00  3.6000E-02  1.4173E+03  1.0611E+02  1.0004E-01  7.3797E-02  9.1835E-02 -1.8038E-02 -8.9540E-01
  1.8805E-01  6.1717E+00  3.6000E-02  1.4173E+03  1.0611E+02  1.0473E-01  6.9249E-02  9.6482E-02 -2.7233E-02 -1.2174E+00
  1.8805E-01  6.1717E+00  3.6000E-02  1.4173E+03  1.0611E+02  9.9839E-02  1.2861E-01  9.2602E-02  3.6008E-02  1.3437E+00
  1.8805E-01  6.1717E+00  3.6000E-02  1.4173E+03  1.0611E+02  9.0511E-02  1.0838E-01  8.5093E-02  2.3287E-02  9.3437E-01
  1.8805E-01  6.1717E+00  3.6000E-02  1.4173E+03  1.0611E+02  7.5326E-02  1.0479E-01  7.2584E-02  3.2206E-02  1.6511E+00
  1.8805E-01  6.1717E+00  3.6000E-02  1.4173E+03  1.0611E+02  5.8106E-02  5.0000E-02  5.7738E-02 -7.7383E-03 -5.4012E-01
  1.8805E-01  6.1717E+00  3.6000E-02  1.4173E+03  1.0611E+02  5.0271E-02  5.0000E-02  5.0538E-02 -5.3798E-04 -3.2874E-02
  1.8805E-01  6.1717E+00  3.6000E-02  1.4173E+03  1.0611E+02  4.5539E-02  5.0000E-02  4.5854E-02  4.1462E-03  3.5687E-01
  1.8805E-01  6.1717E+00  3.6000E-02  1.4173E+03  1.0611E+02  4.4078E-02  5.0000E-02  4.4267E-02  5.7334E-03  4.9789E-01
  2.2494E-01  6.1716E+00  3.6000E-02  1.4173E+03  1.0611E+02  0.0000E+00  0.0000E+00  0.0000E+00  0.0000E+00  0.0000E+00
  2.2494E-01  6.1716E+00  3.6000E-02  1.4173E+03  1.0611E+02  4.3187E-02  5.0000E-02  3.3111E-02  1.6889E-02  9.4136E-01
  2.2494E-01  6.1716E+00  3.6000E-02  1.4173E+03  1.0611E+02  1.2318E-01  8.5654E-02  9.6214E-02 -1.0560E-02 -1.0502E+00
  2.2494E-01  6.1716E+00  3.6000E-02  1.4173E+03  1.0611E+02  1.1355E-01  1.1502E-01  9.1269E-02  2.3751E-02  4.0687E-01
  2.2494E-01  6.1716E+00  3.6000E-02  1.4173E+03  1.0611E+02  9.8704E-02  1.3476E-01  8.3294E-02  5.1466E-02  1.8899E+00
  2.2494E-01  6.1716E+00  3.6000E-02  1.4173E+03  1.0611E+02  7.9322E-02  9.4165E-02  7.2058E-02  2.2107E-02  8.5983E-01
  2.2494E-01  6.1716E+00  3.6000E-02  1.4173E+03  1.0611E+02  5.7838E-02  5.0000E-02  5.7650E-02 -7.6496E-03 -5.9647E-01
  2.2494E-01  6.1716E+00  3.6000E-02  1.4173E+03  1.0611E+02  4.9332E-02  5.0000E-02  5.0612E-02 -6.1152E-04 -1.2804E-02
  2.2494E-01  6.1716E+00  3.6000E-02  1.4173E+03  1.0611E+02  4.4838E-02  5.0000E-02  4.5862E-02  4.1381E-03  4.0398E-01
  2.2494E-01  6.1716E+00  3.6000E-02  1.4173E+03  1.0611E+02  4.3710E-02  5.0000E-02  4.4228E-02  5.7724E-03  5.3312E-01
  2.6836E-01  6.1719E+00  3.6000E-02  1.4173E+03  1.0611E+02  0.0000E+00  0.0000E+00  0.0000E+00  0.0000E+00  0.0000E+00
  2.6836E-01  6.1719E+00  3.6000E-02  1.4173E+03  1.0611E+02  1.1629E-01  5.0000E-02  7.5037E-02 -2.5037E-02 -2.3245E+00
  2.6836E-01  6.1719E+00  3.6000E-02  1.4173E+03  1.0611E+02  1.4442E-01  1.1223E-01  9.6141E-02  1.6089E-02 -3.4407E-01
  2.6836E-01  6.1719E+00  3.6000E-02  1.4173E+03  1.0611E+02  1.3269E-01  1.7785E-01  9.2141E-02  8.5709E-02  2.6341E+00
  2.6836E-01  6.1719E+00  3.6000E-02  1.4173E+03  1.0611E+02  1.1359E-01  1.7279E-01  8.5156E-02  8.7634E-02  3.1747E+00
  2.6836E-01  6.1719E+00  3.6000E-02  1.4173E+03  1.0611E+02  8.6777E-02  8.1025E-02  7.4045E-02  6.9797E-03 -1.8672E-01
  2.6836E-01  6.1719E+00  3.6000E-02  1.4173E+03  1.0611E+02  5.8648E-02  5.0000E-02  5.9053E-02 -9.0525E-03 -7.5318E-01
  2.6836E-01  6.1719E+00  3.6000E-02  1.4173E+03  1.0611E+02  4.8760E-02  5.0000E-02  5.1407E-02 -1.4069E-03 -7.1992E-02
  2.6836E-01  6.1719E+00  3.6000E-02  1.4173E+03  1.0611E+02  4.4481E-02  5.0000E-02  4.6321E-02  3.6788E-03  3.9241E-01
  2.6836E-01  6.1719E+00  3.6000E-02  1.4173E+03  1.0611E+02  4.3549E-02  5.0000E-02  4.4398E-02  5.6023E-03  5.4028E-01
  2.7929E-01  6.1718E+00  3.6000E-02  1.4173E+03  1.0611E+02  0.0000E+00  0.0000E+00  0.0000E+00  0.0000E+00  0.0000E+00
  2.7929E-01  6.1718E+00  3.6000E-02  1.4173E+03  1.0611E+02  4.7797E-02  5.0000E-02  2.9528E-02  2.0472E-02  9.1887E-01
  2.7929E-01  6.1718E+00  3.6000E-02  1.4173E+03  1.0611E+02  1.4834E-01  1.0381E-01  9.5741E-02  8.0693E-03 -8.2584E-01
  2.7929E-01  6.1718E+00  3.6000E-02  1.4173E+03  1.0611E+02  1.3288E-01  1.4217E-01  9.0846E-02  5.1324E-02  1.1013E+00
  2.7929E-01  6.1718E+00  3.6000E-02  1.4173E+03  1.0611E+02  1.1090E-01  1.8100E-01  8.3264E-02  9.7736E-02  3.6363E+00
  2.7929E-01  6.1718E+00  3.6000E-02  1.4173E+03  1.0611E+02  8.2009E-02  5.2016E-02  7.1632E-02 -1.9616E-02 -1.6648E+00
  2.7929E-01  6.1718E+00  3.6000E-02  1.4173E+03  1.0611E+02  5.6342E-02  5.0000E-02  5.7778E-02 -7.7776E-03 -6.7167E-01
  2.7929E-01  6.1718E+00  3.6000E-02  1.4173E+03  1.0611E+02  4.7532E-02  5.0000E-02  5.0524E-02 -5.2353E-04  2.1921E-02
  2.7929E-01  6.1718E+00  3.6000E-02  1.4173E+03  1.0611E+02  4.4072E-02  5.0000E-02  4.5814E-02  4.1863E-03  4.5602E-01
  2.7929E-01  6.1718E+00  3.6000E-02  1.4173E+03  1.0611E+02  4.3452E-02  5.0000E-02  4.4207E-02  5.7928E-03  5.6606E-01
  1.4703E-01  6.1712E+00  3.6000E-02  1.4173E+03  1.0611E+02  0.0000E+00  0.0000E+00  0.0000E+00  0.0000E+00  0.0000E+00
  1.4703E-01  6.1712E+00  3.6000E-02  1.4173E+03  1.0611E+02  7.0778E-02  5.0000E-02  8.2829E-02 -3.2829E-02 -1.1359E+00
  1.4703E-01  6.1712E+00  3.6000E-02  1.4173E+03  1.0611E+02  8.2860E-02  8.3911E-02  9.6245E-02 -1.2334E-02 -1.6406E-01
  1.4703E-01  6.1712E+00  3.6000E-02  1.4173E+03  1.0611E+02  7.9758E-02  1.0613E-01  9.1392E-02  1.4738E-02  9.1435E-01
  1.4703E-01  6.1712E+00  3.6000E-02  1.4173E+03  1.0611E+02  7.5100E-02  8.6746E-02  8.4270E-02  2.4763E-03  3.7078E-01
  1.4703E-01  6.1712E+00  3.6000E-02  1.4173E+03  1.0611E+02  6.7413E-02  5.0000E-02  7.2920E-02 -2.2920E-02 -1.0509E+00
  1.4703E-01  6.1712E+00  3.6000E-02  1.4173E+03  1.0611E+02  5.6740E-02  5.0000E-02  5.8228E-02 -8.2276E-03 -5.0396E-01
  1.4703E-01  6.1712E+00  3.6000E-02  1.4173E+03  1.0611E+02  5.0806E-02  5.0000E-02  5.0841E-02 -8.4123E-04 -7.8593E-02
  1.4703E-01  6.1712E+00  3.6000E-02  1.4173E+03  1.0611E+02  4.6485E-02  5.0000E-02  4.6061E-02  3.9389E-03  2.9303E-01
  1.4703E-01  6.1712E+00  3.6000E-02  1.4173E+03  1.0611E+02  4.4656E-02  5.0000E-02  4.4316E-02  5.6840E-03  4.6213E-01
  3.0165E-01  6.1721E+00  3.6000E-02  1.4173E+03  1.0611E+02  0.0000E+00  0.0000E+00  0.0000E+00  0.0000E+00  0.0000E+00
  3.0165E-01  6.1721E+00  3.6000E-02  1.4173E+03  1.0611E+02  1.4553E-01  5.0000E-02  8.3896E-02 -3.3896E-02 -2.6618E+00
  3.0165E-01  6.1721E+00  3.6000E-02  1.4173E+03  1.0611E+02  1.6172E-01  1.3604E-01  9.6468E-02  3.9572E-02  4.8625E-01
  3.0165E-01  6.1721E+00  3.6000E-02  1.4173E+03  1.0611E+02  1.5061E-01  1.5360E-01  9.3613E-02  5.9987E-02  1.4199E+00
  3.0165E-01  6.1721E+00  3.6000E-02  1.4173E+03  1.0611E+02  1.2082E-01  2.2189E-01  8.5083E-02  1.3681E-01  5.3410E+00
  3.0165E-01  6.1721E+00  3.6000E-02  1.4173E+03  1.0611E+02  8.5626E-02  5.0000E-02  7.2872E-02 -2.2872E-02 -1.7964E+00
  3.0165E-01  6.1721E+00  3.6000E-02  1.4173E+03  1.0611E+02  5.6118E-02  5.0000E-02  5.8242E-02 -8.2423E-03 -6.9657E-01
  3.0165E-01  6.1721E+00  3.6000E-02  1.4173E+03  1.0611E+02  4.7080E-02  5.0000E-02  5.0729E-02 -7.2895E-04 -4.7365E-03
  3.0165E-01  6.1721E+00  3.6000E-02  1.4173E+03  1.0611E+02  4.3950E-02  5.0000E-02  4.5995E-02  4.0049E-03  4.2797E-01
  3.0165E-01  6.1721E+00  3.6000E-02  1.4173E+03  1.0611E+02  4.3420E-02  5.0000E-02  4.4295E-02  5.7052E-03  5.5225E-01
  1.8739E-01  6.1702E+00  3.6000E-02  1.4173E+03  1.0611E+02  0.0000E+00  0.0000E+00  0.0000E+00  0.0000E+00  0.0000E+00
  1.8739E-01  6.1702E+00  3.6000E-02  1.4173E+03  1.0611E+02  2.7073E-02  5.0000E-02  2.4904E-02  2.5096E-02  3.7612E+00
  1.8739E-01  6.1702E+00  3.6000E-02  1.4173E+03  1.0611E+02  1.0494E-01  5.0000E-02  9.6902E-02 -4.6902E-02 -1.1674E+00
  1.8739E-01  6.1702E+00  3.6000E-02  1.4173E+03  1.0611E+02  1.0081E-01  5.5758E-02  9.3641E-02 -3.7883E-02 -9.1644E-01
  1.8739E-01  6.1702E+00  3.6000E-02  1.4173E+03  1.0611E+02  9.0551E-02  6.8394E-02  8.5323E-02 -1.6929E-02 -2.4191E-01
  1.8739E-01  6.1702E+00  3.6000E-02  1.4173E+03  1.0611E+02  7.5136E-02  5.2635E-02  7.2529E-02 -1.9894E-02 -7.3880E-01
  1.8739E-01  6.1702E+00  3.6000E-02  1.4173E+03  1.0611E+02  5.8399E-02  5.0000E-02  5.8022E-02 -8.0224E-03 -4.5725E-01
  1.8739E-01  6.1702E+00  3.6000E-02  1.4173E+03  1.0611E+02  5.0442E-02  5.0000E-02  5.0699E-02 -6.9895E-04 -8.1337E-02
  1.8739E-01  6.1702E+00  3.6000E-02  1.4173E+03  1.0611E+02  4.5651E-02  5.0000E-02  4.5968E-02  4.0324E-03  2.7836E-01
  1.8739E-01  6.1702E+00  3.6000E-02  1.4173E+03  1.0611E+02  4.4065E-02  5.0000E-02  4.4256E-02  5.7440E-03  4.5337E-01
  1.4552E-01  6.1710E+00  3.6000E-02  1.4173E+03  1.0611E+02  0.0000E+00  0.0000E+00  0.0000E+00  0.0000E+00  0.0000E+00
  1.4552E-01  6.1710E+00  3.6000E-02  1.4173E+03  1.0611E+02  8.2254E-02  7.7559E-02  9.6851E-02 -1.9292E-02 -4.1598E-01
  1.4552E-01  6.1710E+00  3.6000E-02  1.4173E+03  1.0611E+02  8.0620E-02  1.1199E-01  9.3914E-02  1.8076E-02  1.0516E+00
  1.4552E-01  6.1710E+00  3.6000E-02  1.4173E+03  1.0611E+02  7.7645E-02  6.6045E-02  8.9170E-02 -2.3125E-02 -7.0070E-01
  1.4552E-01  6.1710E+00  3.6000E-02  1.4173E+03  1.0611E+02  7.3412E-02  6.9355E-02  8.2552E-02 -1.3197E-02 -3.6558E-01
  1.4552E-01  6.1710E+00  3.6000E-02  1.4173E+03  1.0611E+02  6.6274E-02  5.0000E-02  7.1790E-02 -2.1790E-02 -1.0140E+00
  1.4552E-01  6.1710E+00  3.6000E-02  1.4173E+03  1.0611E+02  5.5982E-02  5.0000E-02  5.7394E-02 -7.3942E-03 -4.6141E-01
  1.4552E-01  6.1710E+00  3.6000E-02  1.4173E+03  1.0611E+02  5.0525E-02  5.0000E-02  5.0538E-02 -5.3841E-04 -5.8275E-02
  1.4552E-01  6.1710E+00  3.6000E-02  1.4173E+03  1.0611E+02  4.6287E-02  5.0000E-02  4.5844E-02  4.1557E-03  3.1188E-01
  1.4552E-01  6.1710E+00  3.6000E-02  1.4173E+03  1.0611E+02  4.4566E-02  5.0000E-02  4.4222E-02  5.7783E-03  4.7164E-01
  1.2160E-01  6.1711E+00  3.6000E-02  1.4173E+03  1.0611E+02  0.0000E+00  0.0000E+00  0.0000E+00  0.0000E+00  0.0000E+00
  1.2160E-01  6.1711E+00  3.6000E-02  1.4173E+03  1.0611E+02  6.6204E-02  5.0000E-02  9.3268E-02 -4.3268E-02 -9.3107E-01
  1.2160E-01  6.1711E+00  3.6000E-02  1.4173E+03  1.0611E+02  6.8889E-02  5.5793E-02  9.5397E-02 -3.9604E-02 -8.0522E-01
  1.2160E-01  6.1711E+00  3.6000E-02  1.4173E+03  1.0611E+02  6.7107E-02  1.0147E-01  9.0317E-02  1.1153E-02  1.1812E+00
  1.2160E-01  6.1711E+00  3.6000E-02  1.4173E+03  1.0611E+02  6.3882E-02  5.0000E-02  8.1548E-02 -3.1548E-02 -9.1977E-01
  1.2160E-01  6.1711E+00  3.6000E-02  1.4173E+03  1.0611E+02  5.9431E-02  5.0000E-02  7.0374E-02 -2.0374E-02 -7.5858E-01
  1.2160E-01  6.1711E+00  3.6000E-02  1.4173E+03  1.0611E+02  5.3335E-02  5.0000E-02  5.7113E-02 -7.1127E-03 -3.9911E-01
  1.2160E-01  6.1711E+00  3.6000E-02  1.4173E+03  1.0611E+02  4.9639E-02  5.0000E-02  5.0502E-02 -5.0215E-04 -7.9160E-02
  1.2160E-01  6.1711E+00  3.6000E-02  1.4173E+03  1.0611E+02  4.6322E-02  5.0000E-02  4.5821E-02  4.1789E-03  2.7277E-01
  1.2160E-01  6.1711E+00  3.6000E-02  1.4173E+03  1.0611E+02  4.4781E-02  5.0000E-02  4.4218E-02  5.7817E-03  4.4477E-01
  3.7566E-01  6.1726E+00  3.6000E-02  1.4173E+03  1.0611E+02  0.0000E+00  0.0000E+00  0.0000E+00  0.0000E+00  0.0000E+00
  3.7566E-01  6.1726E+00  3.6000E-02  1.4173E+03  1.0611E+02  8.5407E-02  5.0000E-02  3.9307E-02  1.0693E-02 -2.2692E+00
  3.7566E-01  6.1726E+00  3.6000E-02  1.4173E+03  1.0611E+02  1.8908E-01  2.5568E-01  9.5331E-02  1.6035E-01  3.6303E+00
  3.7566E-01  6.1726E+00  3.6000E-02  1.4173E+03  1.0611E+02  1.6911E-01  2.0630E-01  9.1939E-02  1.1436E-01  2.1420E+00
  3.7566E-01  6.1726E+00  3.6000E-02  1.4173E+03  1.0611E+02  1.3206E-01  1.7766E-01  8.4747E-02  9.2913E-02  1.9842E+00
  3.7566E-01  6.1726E+00  3.6000E-02  1.4173E+03  1.0611E+02  8.1008E-02  9.0846E-02  7.1286E-02  1.9560E-02 -3.1763E-01
  3.7566E-01  6.1726E+00  3.6000E-02  1.4173E+03  1.0611E+02  5.1739E-02  5.0000E-02  5.7375E-02 -7.3752E-03 -8.1694E-01
  3.7566E-01  6.1726E+00  3.6000E-02  1.4173E+03  1.0611E+02  4.5162E-02  5.0000E-02  5.0312E-02 -3.1184E-04  1.3013E-01
  3.7566E-01  6.1726E+00  3.6000E-02  1.4173E+03  1.0611E+02  4.3509E-02  5.0000E-02  4.5793E-02  4.2070E-03  6.0173E-01
  3.7566E-01  6.1726E+00  3.6000E-02  1.4173E+03  1.0611E+02  4.3333E-02  5.0000E-02  4.4222E-02  5.7785E-03  6.6060E-01
  1.2647E-01  6.1712E+00  3.6000E-02  1.4173E+03  1.0611E+02  0.0000E+00  0.0000E+00  0.0000E+00  0.0000E+00  0.0000E+00
  1.2647E-01  6.1712E+00  3.6000E-02  1.4173E+03  1.0611E+02  6.0966E-02  5.0000E-02  8.2829E-02 -3.2829E-02 -7.4399E-01
  1.2647E-01  6.1712E+00  3.6000E-02  1.4173E+03  1.0611E+02  7.1426E-02  5.4357E-02  9.5233E-02 -4.0876E-02 -9.5679E-01
  1.2647E-01  6.1712E+00  3.6000E-02  1.4173E+03  1.0611E+02  6.9923E-02  1.0469E-01  9.1481E-02  1.3209E-02  1.1854E+00
  1.2647E-01  6.1712E+00  3.6000E-02  1.4173E+03  1.0611E+02  6.7179E-02  5.8971E-02  8.4841E-02 -2.5870E-02 -6.2379E-01
  1.2647E-01  6.1712E+00  3.6000E-02  1.4173E+03  1.0611E+02  6.1706E-02  5.0000E-02  7.2431E-02 -2.2431E-02 -8.4604E-01
  1.2647E-01  6.1712E+00  3.6000E-02  1.4173E+03  1.0611E+02  5.4347E-02  5.0000E-02  5.7824E-02 -7.8244E-03 -4.3821E-01
  1.2647E-01  6.1712E+00  3.6000E-02  1.4173E+03  1.0611E+02  4.9965E-02  5.0000E-02  5.0595E-02 -5.9531E-04 -7.9974E-02
  1.2647E-01  6.1712E+00  3.6000E-02  1.4173E+03  1.0611E+02  4.6387E-02  5.0000E-02  4.5857E-02  4.1434E-03  2.7823E-01
  1.2647E-01  6.1712E+00  3.6000E-02  1.4173E+03  1.0611E+02  4.4744E-02  5.0000E-02  4.4209E-02  5.7912E-03  4.5172E-01
  2.2709E-01  6.1716E+00  3.6000E-02  1.4173E+03  1.0611E+02  0.0000E+00  0.0000E+00  0.0000E+00  0.0000E+00  0.0000E+00
  2.2709E-01  6.1716E+00  3.6000E-02  1.4173E+03  1.0611E+02  1.2422E-01  6.5587E-02  9.5015E-02 -2.9428E-02 -1.8041E+00
  2.2709E-01  6.1716E+00  3.6000E-02  1.4173E+03  1.0611E+02  1.2102E-01  1.3523E-01  9.4616E-02  4.0614E-02  1.0351E+00
  2.2709E-01  6.1716E+00  3.6000E-02  1.4173E+03  1.0611E+02  1.1061E-01  1.3594E-01  8.9311E-02  4.6629E-02  1.4570E+00
  2.2709E-01  6.1716E+00  3.6000E-02  1.4173E+03  1.0611E+02  9.6730E-02  1.3245E-01  8.1916E-02  5.0534E-02  1.9300E+00
  2.2709E-01  6.1716E+00  3.6000E-02  1.4173E+03  1.0611E+02  7.7585E-02  6.5892E-02  7.0877E-02 -4.9853E-03 -5.7553E-01
  2.2709E-01  6.1716E+00  3.6000E-02  1.4173E+03  1.0611E+02  5.6958E-02  5.0000E-02  5.7015E-02 -7.0153E-03 -5.4228E-01
  2.2709E-01  6.1716E+00  3.6000E-02  1.4173E+03  1.0611E+02  4.8593E-02  5.0000E-02  4.9978E-02  2.2331E-05  3.9710E-02
  2.2709E-01  6.1716E+00  3.6000E-02  1.4173E+03  1.0611E+02  4.4691E-02  5.0000E-02  4.5718E-02  4.2825E-03  4.1112E-01
  2.2709E-01  6.1716E+00  3.6000E-02  1.4173E+03  1.0611E+02  4.3668E-02  5.0000E-02  4.4178E-02  5.8224E-03  5.3328E-01
  1.6460E-01  6.1713E+00  3.6000E-02  1.4173E+03  1.0611E+02  0.0000E+00  0.0000E+00  0.0000E+00  0.0000E+00  0.0000E+00
  1.6460E-01  6.1713E+00  3.6000E-02  1.4173E+03  1.0611E+02  8.2032E-02  5.0000E-02  8.5841E-02 -3.5841E-02 -1.4344E+00
  1.6460E-01  6.1713E+00  3.6000E-02  1.4173E+03  1.0611E+02  9.1766E-02  9.6232E-02  9.5775E-02  4.5679E-04  1.4050E-01
  1.6460E-01  6.1713E+00  3.6000E-02  1.4173E+03  1.0611E+02  8.8869E-02  1.2600E-01  9.2493E-02  3.3507E-02  1.4988E+00
  1.6460E-01  6.1713E+00  3.6000E-02  1.4173E+03  1.0611E+02  8.2690E-02  8.1164E-02  8.5533E-02 -4.3687E-03 -9.4605E-02
  1.6460E-01  6.1713E+00  3.6000E-02  1.4173E+03  1.0611E+02  7.1008E-02  6.0447E-02  7.2520E-02 -1.2073E-02 -5.8260E-01
  1.6460E-01  6.1713E+00  3.6000E-02  1.4173E+03  1.0611E+02  5.7681E-02  5.0000E-02  5.8004E-02 -8.0042E-03 -5.1923E-01
  1.6460E-01  6.1713E+00  3.6000E-02  1.4173E+03  1.0611E+02  5.0527E-02  5.0000E-02  5.0454E-02 -4.5426E-04 -4.1509E-02
  1.6460E-01  6.1713E+00  3.6000E-02  1.4173E+03  1.0611E+02  4.5993E-02  5.0000E-02  4.5846E-02  4.1545E-03  3.3092E-01
  1.6460E-01  6.1713E+00  3.6000E-02  1.4173E+03  1.0611E+02  4.4316E-02  5.0000E-02  4.4218E-02  5.7824E-03  4.8466E-01
  2.8369E-01  6.1717E+00  3.6000E-02  1.4173E+03  1.0611E+02  0.0000E+00  0.0000E+00  0.0000E+00  0.0000E+00  0.0000E+00
  2.8369E-01  6.1717E+00  3.6000E-02  1.4173E+03  1.0611E+02  1.5550E-01  5.0000E-02  9.6881E-02 -4.6881E-02 -2.7670E+00
  2.8369E-01  6.1717E+00  3.6000E-02  1.4173E+03  1.0611E+02  1.4162E-01  1.7388E-01  9.3097E-02  8.0783E-02  2.4324E+00
  2.8369E-01  6.1717E+00  3.6000E-02  1.4173E+03  1.0611E+02  1.2671E-01  1.5804E-01  8.8363E-02  6.9677E-02  2.2247E+00
  2.8369E-01  6.1717E+00  3.6000E-02  1.4173E+03  1.0611E+02  1.0615E-01  1.4138E-01  8.1246E-02  6.0134E-02  2.1918E+00
  2.8369E-01  6.1717E+00  3.6000E-02  1.4173E+03  1.0611E+02  7.9682E-02  5.0000E-02  7.0525E-02 -2.0525E-02 -1.5805E+00
  2.8369E-01  6.1717E+00  3.6000E-02  1.4173E+03  1.0611E+02  5.5078E-02  5.0000E-02  5.7020E-02 -7.0204E-03 -5.7525E-01
  2.8369E-01  6.1717E+00  3.6000E-02  1.4173E+03  1.0611E+02  4.7070E-02  5.0000E-02  5.0163E-02 -1.6278E-04  4.1817E-02
  2.8369E-01  6.1717E+00  3.6000E-02  1.4173E+03  1.0611E+02  4.3983E-02  5.0000E-02  4.5718E-02  4.2816E-03  4.3964E-01
  2.8369E-01  6.1717E+00  3.6000E-02  1.4173E+03  1.0611E+02  4.3434E-02  5.0000E-02  4.4187E-02  5.8131E-03  5.5132E-01
  1.8536E-01  6.1714E+00  3.6000E-02  1.4173E+03  1.0611E+02  0.0000E+00  0.0000E+00  0.0000E+00  0.0000E+00  0.0000E+00
  1.8536E-01  6.1714E+00  3.6000E-02  1.4173E+03  1.0611E+02  7.4230E-02  5.0000E-02  6.9055E-02 -1.9055E-02 -1.0697E+00
  1.8536E-01  6.1714E+00  3.6000E-02  1.4173E+03  1.0611E+02  1.0324E-01  6.5886E-02  9.6418E-02 -3.0532E-02 -1.2452E+00
  1.8536E-01  6.1714E+00  3.6000E-02  1.4173E+03  1.0611E+02  9.8474E-02  1.4187E-01  9.2490E-02  4.9380E-02  1.9954E+00
  1.8536E-01  6.1714E+00  3.6000E-02  1.4173E+03  1.0611E+02  8.9030E-02  1.1607E-01  8.4611E-02  3.1459E-02  1.4009E+00
  1.8536E-01  6.1714E+00  3.6000E-02  1.4173E+03  1.0611E+02  7.4717E-02  5.0000E-02  7.2440E-02 -2.2440E-02 -1.2304E+00
  1.8536E-01  6.1714E+00  3.6000E-02  1.4173E+03  1.0611E+02  5.8227E-02  5.0000E-02  5.7888E-02 -7.8876E-03 -5.3415E-01
  1.8536E-01  6.1714E+00  3.6000E-02  1.4173E+03  1.0611E+02  5.0459E-02  5.0000E-02  5.0667E-02 -6.6660E-04 -4.8834E-02
  1.8536E-01  6.1714E+00  3.6000E-02  1.4173E+03  1.0611E+02  4.5651E-02  5.0000E-02  4.5915E-02  4.0845E-03  3.3992E-01
  1.8536E-01  6.1714E+00  3.6000E-02  1.4173E+03  1.0611E+02  4.4116E-02  5.0000E-02  4.4277E-02  5.7234E-03  4.8915E-01
  1.9319E-01  6.1714E+00  3.6000E-02  1.4173E+03  1.0611E+02  0.0000E+00  0.0000E+00  0.0000E+00  0.0000E+00  0.0000E+00
  1.9319E-01  6.1714E+00  3.6000E-02  1.4173E+03  1.0611E+02  9.7631E-02  5.0000E-02  8.7245E-02 -3.7245E-02 -1.7274E+00
  1.9319E-01  6.1714E+00  3.6000E-02  1.4173E+03  1.0611E+02  1.0672E-01  9.6882E-02  9.5991E-02  8.9127E-04 -7.9942E-02
  1.9319E-01  6.1714E+00  3.6000E-02  1.4173E+03  1.0611E+02  1.0162E-01  1.1837E-01  9.2193E-02  2.6177E-02  9.7566E-01
  1.9319E-01  6.1714E+00  3.6000E-02  1.4173E+03  1.0611E+02  9.1045E-02  1.4015E-01  8.4204E-02  5.5946E-02  2.4745E+00
  1.9319E-01  6.1714E+00  3.6000E-02  1.4173E+03  1.0611E+02  7.5435E-02  5.0000E-02  7.2033E-02 -2.2033E-02 -1.2535E+00
  1.9319E-01  6.1714E+00  3.6000E-02  1.4173E+03  1.0611E+02  5.8985E-02  5.0000E-02  5.8453E-02 -8.4531E-03 -5.7872E-01
  1.9319E-01  6.1714E+00  3.6000E-02  1.4173E+03  1.0611E+02  5.0491E-02  5.0000E-02  5.0857E-02 -8.5651E-04 -5.9572E-02
  1.9319E-01  6.1714E+00  3.6000E-02  1.4173E+03  1.0611E+02  4.5602E-02  5.0000E-02  4.6034E-02  3.9664E-03  3.3687E-01
  1.9319E-01  6.1714E+00  3.6000E-02  1.4173E+03  1.0611E+02  4.4026E-02  5.0000E-02  4.4276E-02  5.7244E-03  4.9425E-01
  1.8596E-01  6.1714E+00  3.6000E-02  1.4173E+03  1.0611E+02  0.0000E+00  0.0000E+00  0.0000E+00  0.0000E+00  0.0000E+00
  1.8596E-01  6.1714E+00  3.6000E-02  1.4173E+03  1.0611E+02  1.0133E-01  5.6229E-02  9.4080E-02 -3.7851E-02 -1.5672E+00
  1.8596E-01  6.1714E+00  3.6000E-02  1.4173E+03  1.0611E+02  1.0150E-01  1.1790E-01  9.4751E-02  2.3149E-02  8.8187E-01
  1.8596E-01  6.1714E+00  3.6000E-02  1.4173E+03  1.0611E+02  9.6278E-02  8.8384E-02  9.0458E-02 -2.0736E-03 -1.3140E-01
  1.8596E-01  6.1714E+00  3.6000E-02  1.4173E+03  1.0611E+02  8.7409E-02  1.3175E-01  8.3093E-02  4.8657E-02  2.2272E+00
  1.8596E-01  6.1714E+00  3.6000E-02  1.4173E+03  1.0611E+02  7.3423E-02  5.0000E-02  7.1245E-02 -2.1245E-02 -1.1890E+00
  1.8596E-01  6.1714E+00  3.6000E-02  1.4173E+03  1.0611E+02  5.7363E-02  5.0000E-02  5.7095E-02 -7.0949E-03 -4.8762E-01
  1.8596E-01  6.1714E+00  3.6000E-02  1.4173E+03  1.0611E+02  4.9840E-02  5.0000E-02  5.0085E-02 -8.5256E-05 -3.6339E-03
  1.8596E-01  6.1714E+00  3.6000E-02  1.4173E+03  1.0611E+02  4.5480E-02  5.0000E-02  4.5750E-02  4.2496E-03  3.5610E-01
  1.8596E-01  6.1714E+00  3.6000E-02  1.4173E+03  1.0611E+02  4.4033E-02  5.0000E-02  4.4192E-02  5.8079E-03  4.9809E-01
  9.2965E-02  6.1712E+00  3.6000E-02  1.4173E+03  1.0611E+02  0.0000E+00  0.0000E+00  0.0000E+00  0.0000E+00  0.0000E+00
  9.2965E-02  6.1712E+00  3.6000E-02  1.4173E+03  1.0611E+02  5.0352E-02  5.0000E-02  9.2518E-02 -4.2518E-02 -5.3332E-01
  9.2965E-02  6.1712E+00  3.6000E-02  1.4173E+03  1.0611E+02  5.3432E-02  5.0000E-02  9.6313E-02 -4.6313E-02 -6.7929E-01
  9.2965E-02  6.1712E+00  3.6000E-02  1.4173E+03  1.0611E+02  5.3071E-02  5.0000E-02  9.2565E-02 -4.2565E-02 -6.7734E-01
  9.2965E-02  6.1712E+00  3.6000E-02  1.4173E+03  1.0611E+02  5.2203E-02  5.0000E-02  8.4744E-02 -3.4744E-02 -6.6376E-01
  9.2965E-02  6.1712E+00  3.6000E-02  1.4173E+03  1.0611E+02  5.0617E-02  5.7579E-02  7.2084E-02 -1.4505E-02 -1.9311E-01
  9.2965E-02  6.1712E+00  3.6000E-02  1.4173E+03  1.0611E+02  4.8303E-02  5.0000E-02  5.7508E-02 -7.5077E-03 -3.7225E-01
  9.2965E-02  6.1712E+00  3.6000E-02  1.4173E+03  1.0611E+02  4.6758E-02  5.0000E-02  5.0454E-02 -4.5448E-04 -9.5063E-02
  9.2965E-02  6.1712E+00  3.6000E-02  1.4173E+03  1.0611E+02  4.5305E-02  5.0000E-02  4.5903E-02  4.0974E-03  2.3229E-01
  9.2965E-02  6.1712E+00  3.6000E-02  1.4173E+03  1.0611E+02  4.4470E-02  5.0000E-02  4.4259E-02  5.7413E-03  4.1777E-01
  1.4844E-01  6.1712E+00  3.6000E-02  1.4173E+03  1.0611E+02  0.0000E+00  0.0000E+00  0.0000E+00  0.0000E+00  0.0000E+00
  1.4844E-01  6.1712E+00  3.6000E-02  1.4173E+03  1.0611E+02  8.0332E-02  5.0000E-02  9.3011E-02 -4.3011E-02 -1.2096E+00
  1.4844E-01  6.1712E+00  3.6000E-02  1.4173E+03  1.0611E+02  8.2593E-02  5.4085E-02  9.4673E-02 -4.0588E-02 -1.1329E+00
  1.4844E-01  6.1712E+00  3.6000E-02  1.4173E+03  1.0611E+02  7.9472E-02  1.2449E-01  8.9965E-02  3.4525E-02  1.9284E+00
  1.4844E-01  6.1712E+00  3.6000E-02  1.4173E+03  1.0611E+02  7.4534E-02  7.5859E-02  8.2652E-02 -6.7932E-03  7.0502E-02
  1.4844E-01  6.1712E+00  3.6000E-02  1.4173E+03  1.0611E+02  6.6623E-02  5.0000E-02  7.1334E-02 -2.1334E-02 -9.1321E-01
  1.4844E-01  6.1712E+00  3.6000E-02  1.4173E+03  1.0611E+02  5.6166E-02  5.0000E-02  5.7351E-02 -7.3508E-03 -4.3964E-01
  1.4844E-01  6.1712E+00  3.6000E-02  1.4173E+03  1.0611E+02  5.0339E-02  5.0000E-02  5.0276E-02 -2.7638E-04 -4.9821E-02
  1.4844E-01  6.1712E+00  3.6000E-02  1.4173E+03  1.0611E+02  4.6154E-02  5.0000E-02  4.5746E-02  4.2536E-03  3.0520E-01
  1.4844E-01  6.1712E+00  3.6000E-02  1.4173E+03  1.0611E+02  4.4514E-02  5.0000E-02  4.4208E-02  5.7924E-03  4.6281E-01
